     1.1e+06           10         2.07    0.0157379   -0.0242319   1.0935e+30       206000 -0.000381359 
     1.1e+06           15         2.07    0.0144693   -0.0526915   1.0935e+30       206000 -0.000762409 
     1.1e+06           20         2.07    0.0164036   -0.0923162   1.0935e+30       206000  -0.00151431 
     1.1e+06           25         2.07    0.0153963    -0.129819   1.0935e+30       206000  -0.00199873 
     1.1e+06           30         2.07    0.0158544    -0.161008   1.0935e+30       206000  -0.00255268 
     1.1e+06           35         2.07    0.0142318    -0.198751   1.0935e+30       206000  -0.00282857 
     1.1e+06           40         2.07     0.013661    -0.240667   1.0935e+30       206000  -0.00328775 
     1.1e+06           45         2.07    0.0122438    -0.291186   1.0935e+30       206000  -0.00356523 
     1.1e+06            5         2.07    0.0157224  -0.00545538   1.0935e+30       206000 -8.57717e-05 
     1.1e+06           50         2.07    0.0109898    -0.337463   1.0935e+30       206000  -0.00370865 
     1.1e+06           55         2.07   0.00995263    -0.375603   1.0935e+30       206000  -0.00373824 
     1.1e+06           60         2.07   0.00900784     -0.41285   1.0935e+30       206000  -0.00371889 
     1.1e+06           65         2.07   0.00809903    -0.442463   1.0935e+30       206000  -0.00358352 
     1.1e+06           70         2.07   0.00850742    -0.458635   1.0935e+30       206000   -0.0039018 
     1.1e+06           75         2.07   0.00715885    -0.471167   1.0935e+30       206000  -0.00337301 
     1.1e+06           80         2.07    0.0052576    -0.478256   1.0935e+30       206000  -0.00251448 
     1.1e+06           85         2.07    0.0051736    -0.479135   1.0935e+30       206000  -0.00247885 
     1.1e+06           90         2.07   0.00515772    -0.468971   1.0935e+30       206000  -0.00241882 
     1.1e+06           10        2.484    0.0206279   -0.0228397   1.0935e+30       206000 -0.000471135 
     1.1e+06           15        2.484    0.0188683    -0.048162   1.0935e+30       206000 -0.000908734 
     1.1e+06           20        2.484    0.0210998   -0.0811966   1.0935e+30       206000  -0.00171323 
     1.1e+06           25        2.484    0.0195198    -0.111117   1.0935e+30       206000  -0.00216897 
     1.1e+06           30        2.484    0.0198134    -0.133149   1.0935e+30       206000  -0.00263815 
     1.1e+06           35        2.484    0.0175901    -0.159281   1.0935e+30       206000  -0.00280177 
     1.1e+06           40        2.484    0.0167828    -0.190059   1.0935e+30       206000  -0.00318971 
     1.1e+06           45        2.484    0.0149521    -0.228587   1.0935e+30       206000  -0.00341787 
     1.1e+06            5        2.484    0.0206169  -0.00517737   1.0935e+30       206000 -0.000106741 
     1.1e+06           50        2.484    0.0133425     -0.26528   1.0935e+30       206000  -0.00353949 
     1.1e+06           55        2.484    0.0120166    -0.296295   1.0935e+30       206000  -0.00356047 
     1.1e+06           60        2.484    0.0108085    -0.327112   1.0935e+30       206000   -0.0035356 
     1.1e+06           65        2.484   0.00965343    -0.352114   1.0935e+30       206000   -0.0033991 
     1.1e+06           70        2.484    0.0100787    -0.365906   1.0935e+30       206000  -0.00368785 
     1.1e+06           75        2.484   0.00842847    -0.376497   1.0935e+30       206000  -0.00317329 
     1.1e+06           80        2.484    0.0061356    -0.382399   1.0935e+30       206000  -0.00234624 
     1.1e+06           85        2.484    0.0059969    -0.382858   1.0935e+30       206000  -0.00229596 
     1.1e+06           90        2.484     0.005957    -0.373757   1.0935e+30       206000  -0.00222647 
     1.1e+06           10        8.694    0.0212177   -0.0179553   1.0935e+30       206000 -0.000380969 
     1.1e+06           15        8.694    0.0192473   -0.0298597   1.0935e+30       206000 -0.000574718 
     1.1e+06           20        8.694    0.0210496   -0.0320024   1.0935e+30       206000 -0.000673639 
     1.1e+06           25        8.694    0.0190184   -0.0257422   1.0935e+30       206000 -0.000489575 
     1.1e+06           30        8.694     0.018866  -0.00759544   1.0935e+30       206000 -0.000143295 
     1.1e+06           35        8.694    0.0165512      0.02065   1.0935e+30       206000  0.000341782 
     1.1e+06           40        8.694    0.0158368    0.0536679   1.0935e+30       206000   0.00084993 
     1.1e+06           45        8.694    0.0141898    0.0928943   1.0935e+30       206000   0.00131815 
     1.1e+06            5        8.694    0.0212217   -0.0043361   1.0935e+30       206000 -9.20194e-05 
     1.1e+06           50        8.694    0.0127557     0.128917   1.0935e+30       206000   0.00164443 
     1.1e+06           55        8.694     0.011628     0.158283   1.0935e+30       206000   0.00184052 
     1.1e+06           60        8.694    0.0106463     0.185126   1.0935e+30       206000   0.00197092 
     1.1e+06           65        8.694   0.00969021     0.207594   1.0935e+30       206000   0.00201163 
     1.1e+06           70        8.694    0.0102298     0.220664   1.0935e+30       206000   0.00225735 
     1.1e+06           75        8.694   0.00856915     0.230883   1.0935e+30       206000   0.00197847 
     1.1e+06           80        8.694   0.00620737     0.238936   1.0935e+30       206000   0.00148317 
     1.1e+06           85        8.694   0.00604425      0.24109   1.0935e+30       206000   0.00145721 
     1.1e+06           90        8.694   0.00585631     0.239577   1.0935e+30       206000   0.00140303 
     1.1e+06           10        4.554    0.0236958   -0.0159843   1.0935e+30       206000 -0.000378761 
     1.1e+06           15        4.554    0.0219814   -0.0261973   1.0935e+30       206000 -0.000575853 
     1.1e+06           20        4.554    0.0255198   -0.0268347   1.0935e+30       206000 -0.000684816 
     1.1e+06           25        4.554    0.0245594   -0.0183218   1.0935e+30       206000 -0.000449972 
     1.1e+06           30        4.554    0.0259332   0.00578299   1.0935e+30       206000  0.000149971 
     1.1e+06           35        4.554    0.0237916    0.0378122   1.0935e+30       206000  0.000899614 
     1.1e+06           40        4.554    0.0232059     0.062734   1.0935e+30       206000    0.0014558 
     1.1e+06           45        4.554    0.0211568    0.0840458   1.0935e+30       206000   0.00177814 
     1.1e+06            5        4.554    0.0236542  -0.00378734   1.0935e+30       206000 -8.95865e-05 
     1.1e+06           50        4.554    0.0192051    0.0952168   1.0935e+30       206000   0.00182865 
     1.1e+06           55        4.554     0.017312    0.0998813   1.0935e+30       206000   0.00172915 
     1.1e+06           60        4.554    0.0153934     0.101246   1.0935e+30       206000   0.00155851 
     1.1e+06           65        4.554     0.013572    0.0993894   1.0935e+30       206000   0.00134891 
     1.1e+06           70        4.554     0.014051    0.0975243   1.0935e+30       206000   0.00137032 
     1.1e+06           75        4.554     0.011712    0.0967452   1.0935e+30       206000   0.00113308 
     1.1e+06           80        4.554   0.00852047    0.0968816   1.0935e+30       206000  0.000825477 
     1.1e+06           85        4.554   0.00832382    0.0985716   1.0935e+30       206000  0.000820492 
     1.1e+06           90        4.554   0.00811248     0.102294   1.0935e+30       206000  0.000829855 
     1.1e+06           10         6.21    0.0233119   -0.0156308   1.0935e+30       206000 -0.000364384 
     1.1e+06           15         6.21    0.0214333   -0.0241916   1.0935e+30       206000 -0.000518507 
     1.1e+06           20         6.21    0.0243002   -0.0206351   1.0935e+30       206000 -0.000501437 
     1.1e+06           25         6.21    0.0228096  -0.00735125   1.0935e+30       206000 -0.000167679 
     1.1e+06           30         6.21    0.0234762    0.0213722   1.0935e+30       206000  0.000501738 
     1.1e+06           35         6.21    0.0209426    0.0604964   1.0935e+30       206000   0.00126695 
     1.1e+06           40         6.21    0.0198498    0.0961265   1.0935e+30       206000    0.0019081 
     1.1e+06           45         6.21    0.0175198     0.132015   1.0935e+30       206000   0.00231288 
     1.1e+06            5         6.21    0.0232889   -0.0037657   1.0935e+30       206000 -8.76991e-05 
     1.1e+06           50         6.21    0.0155832     0.158475   1.0935e+30       206000   0.00246955 
     1.1e+06           55         6.21    0.0142322     0.176517   1.0935e+30       206000   0.00251223 
     1.1e+06           60         6.21    0.0131839     0.190834   1.0935e+30       206000   0.00251594 
     1.1e+06           65         6.21    0.0121561     0.200285   1.0935e+30       206000   0.00243468 
     1.1e+06           70         6.21    0.0129466     0.205008   1.0935e+30       206000   0.00265416 
     1.1e+06           75         6.21    0.0108932      0.20925   1.0935e+30       206000    0.0022794 
     1.1e+06           80         6.21   0.00791375     0.212853   1.0935e+30       206000   0.00168446 
     1.1e+06           85         6.21   0.00772286     0.215006   1.0935e+30       206000   0.00166046 
     1.1e+06           90         6.21   0.00749619     0.216252   1.0935e+30       206000   0.00162107 
     1.1e+06           10         8.28    0.0217464   -0.0175677   1.0935e+30       206000 -0.000382034 
     1.1e+06           15         8.28    0.0197621    -0.028919   1.0935e+30       206000   -0.0005715 
     1.1e+06           20         8.28    0.0217168   -0.0301226   1.0935e+30       206000 -0.000654166 
     1.1e+06           25         8.28    0.0197217   -0.0227009   1.0935e+30       206000 -0.000447702 
     1.1e+06           30         8.28    0.0196622  -0.00280015   1.0935e+30       206000 -5.50571e-05 
     1.1e+06           35         8.28    0.0173037    0.0273101   1.0935e+30       206000  0.000472567 
     1.1e+06           40         8.28    0.0165647    0.0607735   1.0935e+30       206000   0.00100669 
     1.1e+06           45         8.28    0.0148433    0.0994418   1.0935e+30       206000   0.00147604 
     1.1e+06            5         8.28    0.0217471  -0.00424103   1.0935e+30       206000   -9.223e-05 
     1.1e+06           50         8.28    0.0133488     0.133858   1.0935e+30       206000   0.00178684 
     1.1e+06           55         8.28    0.0121847     0.161331   1.0935e+30       206000   0.00196576 
     1.1e+06           60         8.28    0.0111809     0.186087   1.0935e+30       206000   0.00208061 
     1.1e+06           65         8.28    0.0102009     0.206383   1.0935e+30       206000   0.00210529 
     1.1e+06           70         8.28    0.0107822     0.218054   1.0935e+30       206000    0.0023511 
     1.1e+06           75         8.28   0.00903001     0.227273   1.0935e+30       206000   0.00205228 
     1.1e+06           80         8.28   0.00653211     0.234589   1.0935e+30       206000   0.00153236 
     1.1e+06           85         8.28   0.00635368     0.236743   1.0935e+30       206000   0.00150419 
     1.1e+06           90         8.28   0.00613929     0.235695   1.0935e+30       206000     0.001447 
     1.1e+06           10        7.659    0.0221629   -0.0169892   1.0935e+30       206000  -0.00037653 
     1.1e+06           15        7.659     0.020235   -0.0275106   1.0935e+30       206000 -0.000556678 
     1.1e+06           20        7.659    0.0225171   -0.0272877   1.0935e+30       206000  -0.00061444 
     1.1e+06           25        7.659    0.0207226   -0.0180911   1.0935e+30       206000 -0.000374895 
     1.1e+06           30        7.659    0.0209317   0.00446436   1.0935e+30       206000  9.34468e-05 
     1.1e+06           35        7.659      0.01857    0.0373143   1.0935e+30       206000  0.000692929 
     1.1e+06           40        7.659    0.0177975     0.071432   1.0935e+30       206000   0.00127131 
     1.1e+06           45        7.659    0.0159503     0.109263   1.0935e+30       206000   0.00174278 
     1.1e+06            5        7.659    0.0221545  -0.00409843   1.0935e+30       206000 -9.07988e-05 
     1.1e+06           50        7.659    0.0143521     0.141266   1.0935e+30       206000   0.00202746 
     1.1e+06           55        7.659    0.0131222     0.165893   1.0935e+30       206000   0.00217687 
     1.1e+06           60        7.659    0.0120744     0.187517   1.0935e+30       206000   0.00226416 
     1.1e+06           65        7.659    0.0110486     0.204558   1.0935e+30       206000   0.00226008 
     1.1e+06           70        7.659    0.0116943     0.214138   1.0935e+30       206000   0.00250418 
     1.1e+06           75        7.659   0.00978799      0.22186   1.0935e+30       206000   0.00217157 
     1.1e+06           80        7.659   0.00706355     0.228068   1.0935e+30       206000   0.00161097 
     1.1e+06           85        7.659    0.0068581     0.230221   1.0935e+30       206000   0.00157888 
     1.1e+06           90        7.659   0.00659863     0.229869   1.0935e+30       206000   0.00151682 
     1.1e+06           10        3.726    0.0236164   -0.0187487   1.0935e+30       206000 -0.000442777 
     1.1e+06           15        3.726    0.0219644   -0.0351291   1.0935e+30       206000  -0.00077159 
     1.1e+06           20        3.726    0.0256751    -0.048846   1.0935e+30       206000  -0.00125412 
     1.1e+06           25        3.726    0.0248864   -0.0556007   1.0935e+30       206000   -0.0013837 
     1.1e+06           30        3.726    0.0264238      -0.0499   1.0935e+30       206000  -0.00131855 
     1.1e+06           35        3.726    0.0239685   -0.0411596   1.0935e+30       206000 -0.000986536 
     1.1e+06           40        3.726    0.0226725   -0.0384869   1.0935e+30       206000 -0.000872595 
     1.1e+06           45        3.726    0.0199029   -0.0410574   1.0935e+30       206000 -0.000817162 
     1.1e+06            5        3.726    0.0235697  -0.00434335   1.0935e+30       206000 -0.000102371 
     1.1e+06           50        3.726    0.0175483   -0.0489605   1.0935e+30       206000 -0.000859173 
     1.1e+06           55        3.726    0.0157378   -0.0585837   1.0935e+30       206000  -0.00092198 
     1.1e+06           60        3.726    0.0141708   -0.0701076   1.0935e+30       206000 -0.000993478 
     1.1e+06           65        3.726     0.012673   -0.0812178   1.0935e+30       206000  -0.00102927 
     1.1e+06           70        3.726    0.0132073   -0.0878386   1.0935e+30       206000  -0.00116011 
     1.1e+06           75        3.726    0.0109725   -0.0925397   1.0935e+30       206000  -0.00101539 
     1.1e+06           80        3.726   0.00788468   -0.0948298   1.0935e+30       206000 -0.000747702 
     1.1e+06           85        3.726   0.00763049   -0.0940077   1.0935e+30       206000 -0.000717325 
     1.1e+06           90        3.726   0.00744599   -0.0881603   1.0935e+30       206000 -0.000656441 
     1.1e+06           10        3.105    0.0198513    -0.020832   1.0935e+30       206000 -0.000413543 
     1.1e+06           15        3.105    0.0185574   -0.0419016   1.0935e+30       206000 -0.000777585 
     1.1e+06           20        3.105    0.0219882   -0.0654986   1.0935e+30       206000  -0.00144019 
     1.1e+06           25        3.105    0.0216164   -0.0836678   1.0935e+30       206000   -0.0018086 
     1.1e+06           30        3.105    0.0232787   -0.0917102   1.0935e+30       206000  -0.00213489 
     1.1e+06           35        3.105    0.0213701    -0.100239   1.0935e+30       206000  -0.00214211 
     1.1e+06           40        3.105    0.0203904    -0.114243   1.0935e+30       206000  -0.00232946 
     1.1e+06           45        3.105    0.0180651    -0.134795   1.0935e+30       206000  -0.00243509 
     1.1e+06            5        3.105    0.0198032  -0.00476036   1.0935e+30       206000 -9.42705e-05 
     1.1e+06           50        3.105    0.0160638     -0.15713   1.0935e+30       206000   -0.0025241 
     1.1e+06           55        3.105    0.0145003     -0.17748   1.0935e+30       206000  -0.00257351 
     1.1e+06           60        3.105    0.0131354    -0.198656   1.0935e+30       206000  -0.00260942 
     1.1e+06           65        3.105    0.0118208    -0.216695   1.0935e+30       206000  -0.00256151 
     1.1e+06           70        3.105    0.0123635    -0.226865   1.0935e+30       206000  -0.00280485 
     1.1e+06           75        3.105     0.010275    -0.234502   1.0935e+30       206000   -0.0024095 
     1.1e+06           80        3.105   0.00736841    -0.238613   1.0935e+30       206000   -0.0017582 
     1.1e+06           85        3.105   0.00711976     -0.23844   1.0935e+30       206000  -0.00169764 
     1.1e+06           90        3.105   0.00694682    -0.231005   1.0935e+30       206000  -0.00160475 
     1.1e+06           10        5.796    0.0236883   -0.0152416   1.0935e+30       206000 -0.000361048 
     1.1e+06           15        5.796    0.0218136   -0.0232385   1.0935e+30       206000 -0.000506915 
     1.1e+06           20        5.796    0.0248349   -0.0187271   1.0935e+30       206000 -0.000465085 
     1.1e+06           25        5.796    0.0234146  -0.00428074   1.0935e+30       206000 -0.000100232 
     1.1e+06           30        5.796    0.0242124    0.0262303   1.0935e+30       206000  0.000635099 
     1.1e+06           35        5.796    0.0217472    0.0672577   1.0935e+30       206000   0.00146267 
     1.1e+06           40        5.796    0.0207954     0.103347   1.0935e+30       206000   0.00214914 
     1.1e+06           45        5.796    0.0185444     0.138671   1.0935e+30       206000   0.00257157 
     1.1e+06            5        5.796    0.0236617  -0.00367063   1.0935e+30       206000 -8.68536e-05 
     1.1e+06           50        5.796    0.0166114     0.163426   1.0935e+30       206000   0.00271474 
     1.1e+06           55        5.796    0.0151401       0.1795   1.0935e+30       206000   0.00271766 
     1.1e+06           60        5.796    0.0138947     0.191743   1.0935e+30       206000   0.00266421 
     1.1e+06           65        5.796    0.0126811     0.199035   1.0935e+30       206000   0.00252398 
     1.1e+06           70        5.796    0.0134244      0.20239   1.0935e+30       206000   0.00271698 
     1.1e+06           75        5.796    0.0112826     0.205645   1.0935e+30       206000   0.00232021 
     1.1e+06           80        5.796   0.00821487     0.208505   1.0935e+30       206000   0.00171285 
     1.1e+06           85        5.796   0.00803036     0.210659   1.0935e+30       206000   0.00169167 
     1.1e+06           90        5.796   0.00778435     0.212366   1.0935e+30       206000   0.00165313 
     1.1e+06           10        6.831    0.0227846   -0.0162147   1.0935e+30       206000 -0.000369446 
     1.1e+06           15        6.831    0.0209047    -0.025619   1.0935e+30       206000 -0.000535557 
     1.1e+06           20        6.831    0.0235687   -0.0234885   1.0935e+30       206000 -0.000553591 
     1.1e+06           25        6.831    0.0219928   -0.0119429   1.0935e+30       206000 -0.000262657 
     1.1e+06           30        6.831    0.0224929    0.0141125   1.0935e+30       206000  0.000317432 
     1.1e+06           35        6.831    0.0198799    0.0503785   1.0935e+30       206000   0.00100152 
     1.1e+06           40        6.831    0.0186144    0.0853077   1.0935e+30       206000   0.00158795 
     1.1e+06           45        6.831    0.0161973      0.12203   1.0935e+30       206000   0.00197655 
     1.1e+06            5        6.831    0.0227663   -0.0039083   1.0935e+30       206000 -8.89777e-05 
     1.1e+06           50        6.831    0.0142665     0.151043   1.0935e+30       206000   0.00215484 
     1.1e+06           55        6.831    0.0130669     0.172056   1.0935e+30       206000   0.00224824 
     1.1e+06           60        6.831    0.0122618     0.189491   1.0935e+30       206000   0.00232349 
     1.1e+06           65        6.831    0.0114667     0.202178   1.0935e+30       206000   0.00231831 
     1.1e+06           70        6.831    0.0123144      0.20894   1.0935e+30       206000   0.00257296 
     1.1e+06           75        6.831    0.0103771     0.214656   1.0935e+30       206000    0.0022275 
     1.1e+06           80        6.831   0.00751569     0.219373   1.0935e+30       206000   0.00164874 
     1.1e+06           85        6.831   0.00731721     0.221527   1.0935e+30       206000   0.00162096 
     1.1e+06           90        6.831   0.00707779     0.222085   1.0935e+30       206000   0.00157187 
     1.1e+06           10        5.175    0.0234896   -0.0146614   1.0935e+30       206000 -0.000344391 
     1.1e+06           15        5.175    0.0217489    -0.021806   1.0935e+30       206000 -0.000474256 
     1.1e+06           20        5.175    0.0251231   -0.0158245   1.0935e+30       206000  -0.00039756 
     1.1e+06           25        5.175    0.0240504   0.00041917   1.0935e+30       206000  1.00812e-05 
     1.1e+06           30        5.175    0.0252565    0.0336586   1.0935e+30       206000  0.000850099 
     1.1e+06           35        5.175    0.0230153    0.0774119   1.0935e+30       206000   0.00178166 
     1.1e+06           40        5.175    0.0222769     0.114151   1.0935e+30       206000   0.00254294 
     1.1e+06           45        5.175    0.0201315      0.14862   1.0935e+30       206000   0.00299194 
     1.1e+06            5        5.175    0.0234521  -0.00352804   1.0935e+30       206000   -8.274e-05 
     1.1e+06           50        5.175    0.0181812      0.17083   1.0935e+30       206000   0.00310591 
     1.1e+06           55        5.175     0.016472     0.183981   1.0935e+30       206000   0.00303053 
     1.1e+06           60        5.175    0.0148494     0.193128   1.0935e+30       206000   0.00286784 
     1.1e+06           65        5.175    0.0132904     0.197178   1.0935e+30       206000   0.00262056 
     1.1e+06           70        5.175    0.0138901      0.19847   1.0935e+30       206000   0.00275677 
     1.1e+06           75        5.175    0.0116119     0.200234   1.0935e+30       206000    0.0023251 
     1.1e+06           80        5.175   0.00844005     0.201984   1.0935e+30       206000   0.00170476 
     1.1e+06           85        5.175   0.00823955     0.204137   1.0935e+30       206000     0.001682 
     1.1e+06           90        5.175   0.00801797     0.206536   1.0935e+30       206000     0.001656 
     1.1e+06           10        10.35    0.0193847   -0.0199552   1.0935e+30       206000 -0.000386825 
     1.1e+06           15        10.35    0.0175214   -0.0341352   1.0935e+30       206000 -0.000598095 
     1.1e+06           20        10.35    0.0189775   -0.0396752   1.0935e+30       206000 -0.000752935 
     1.1e+06           25        10.35      0.01697   -0.0379207   1.0935e+30       206000 -0.000643516 
     1.1e+06           30        10.35    0.0166659   -0.0264065   1.0935e+30       206000 -0.000440088 
     1.1e+06           35        10.35    0.0145471  -0.00541527   1.0935e+30       206000 -7.87762e-05 
     1.1e+06           40        10.35    0.0139411     0.024691   1.0935e+30       206000  0.000344219 
     1.1e+06           45        10.35    0.0125271    0.0642428   1.0935e+30       206000  0.000804774 
     1.1e+06            5        10.35    0.0193945  -0.00487739   1.0935e+30       206000 -9.45945e-05 
     1.1e+06           50        10.35    0.0112557     0.104186   1.0935e+30       206000   0.00117269 
     1.1e+06           55        10.35    0.0101607      0.13872   1.0935e+30       206000    0.0014095 
     1.1e+06           60        10.35   0.00913158     0.171814   1.0935e+30       206000   0.00156893 
     1.1e+06           65        10.35   0.00814688     0.201087   1.0935e+30       206000   0.00163823 
     1.1e+06           70        10.35   0.00849996     0.218898   1.0935e+30       206000   0.00186062 
     1.1e+06           75        10.35    0.0071067     0.232499   1.0935e+30       206000    0.0016523 
     1.1e+06           80        10.35   0.00517367     0.243013   1.0935e+30       206000   0.00125727 
     1.1e+06           85        10.35   0.00505691     0.245468   1.0935e+30       206000   0.00124131 
     1.1e+06           90        10.35   0.00487165     0.242688   1.0935e+30       206000   0.00118229 
     1.1e+06           10        9.729    0.0199786   -0.0189245   1.0935e+30       206000 -0.000378085 
     1.1e+06           15        9.729    0.0180545   -0.0322075   1.0935e+30       206000 -0.000581491 
     1.1e+06           20        9.729    0.0195443    -0.036684   1.0935e+30       206000 -0.000716963 
     1.1e+06           25        9.729    0.0174667   -0.0333147   1.0935e+30       206000   -0.0005819 
     1.1e+06           30        9.729    0.0171419    -0.019536   1.0935e+30       206000 -0.000334886 
     1.1e+06           35        9.729    0.0149384   0.00400728   1.0935e+30       206000  5.98623e-05 
     1.1e+06           40        9.729     0.014279     0.035904   1.0935e+30       206000  0.000512672 
     1.1e+06           45        9.729    0.0127912    0.0765254   1.0935e+30       206000  0.000978852 
     1.1e+06            5        9.729     0.019989  -0.00457376   1.0935e+30       206000 -9.14251e-05 
     1.1e+06           50        9.729    0.0114875     0.116561   1.0935e+30       206000     0.001339 
     1.1e+06           55        9.729    0.0104402     0.150658   1.0935e+30       206000    0.0015729 
     1.1e+06           60        9.729    0.0095099     0.182715   1.0935e+30       206000   0.00173761 
     1.1e+06           65        9.729   0.00860861     0.210612   1.0935e+30       206000   0.00181308 
     1.1e+06           70        9.729    0.0090623     0.227185   1.0935e+30       206000   0.00205882 
     1.1e+06           75        9.729   0.00759472     0.239909   1.0935e+30       206000   0.00182204 
     1.1e+06           80        9.729   0.00551919     0.249804   1.0935e+30       206000   0.00137872 
     1.1e+06           85        9.729   0.00538736      0.25196   1.0935e+30       206000    0.0013574 
     1.1e+06           90        9.729   0.00520054     0.249313   1.0935e+30       206000   0.00129656 
     1.1e+06           10        9.315    0.0204099   -0.0185371   1.0935e+30       206000 -0.000378342 
     1.1e+06           15        9.315    0.0184745   -0.0312702   1.0935e+30       206000   -0.0005777 
     1.1e+06           20        9.315    0.0200871   -0.0348145   1.0935e+30       206000 -0.000699323 
     1.1e+06           25        9.315    0.0180364   -0.0302875   1.0935e+30       206000 -0.000546278 
     1.1e+06           30        9.315     0.017783    -0.014763   1.0935e+30       206000  -0.00026253 
     1.1e+06           35        9.315    0.0155418    0.0106642   1.0935e+30       206000  0.000165741 
     1.1e+06           40        9.315    0.0148622    0.0430095   1.0935e+30       206000  0.000639216 
     1.1e+06           45        9.315    0.0133147     0.083073   1.0935e+30       206000    0.0011061 
     1.1e+06            5        9.315    0.0204177   -0.0044787   1.0935e+30       206000 -9.14446e-05 
     1.1e+06           50        9.315    0.0119621     0.121504   1.0935e+30       206000   0.00145344 
     1.1e+06           55        9.315    0.0108843      0.15371   1.0935e+30       206000   0.00167302 
     1.1e+06           60        9.315   0.00993409     0.183681   1.0935e+30       206000   0.00182471 
     1.1e+06           65        9.315   0.00901164     0.209406   1.0935e+30       206000   0.00188709 
     1.1e+06           70        9.315   0.00949696     0.224577   1.0935e+30       206000    0.0021328 
     1.1e+06           75        9.315   0.00795755     0.236298   1.0935e+30       206000   0.00188035 
     1.1e+06           80        9.315    0.0057757     0.245457   1.0935e+30       206000   0.00141769 
     1.1e+06           85        9.315   0.00563239     0.247612   1.0935e+30       206000   0.00139465 
     1.1e+06           90        9.315   0.00544485     0.245418   1.0935e+30       206000   0.00133626 
     1.1e+06           10         4.14    0.0236987   -0.0173674   1.0935e+30       206000 -0.000411585 
     1.1e+06           15         4.14    0.0220279   -0.0306637   1.0935e+30       206000 -0.000675457 
     1.1e+06           20         4.14    0.0257092   -0.0378339   1.0935e+30       206000 -0.000972681 
     1.1e+06           25         4.14     0.024879    -0.036943   1.0935e+30       206000 -0.000919105 
     1.1e+06           30         4.14    0.0263907   -0.0220428   1.0935e+30       206000 -0.000581725 
     1.1e+06           35         4.14    0.0240752  -0.00173595   1.0935e+30       206000 -4.17932e-05 
     1.1e+06           40         4.14    0.0230778     0.012047   1.0935e+30       206000  0.000278018 
     1.1e+06           45         4.14     0.020591    0.0214212   1.0935e+30       206000  0.000441083 
     1.1e+06            5         4.14    0.0236529  -0.00406535   1.0935e+30       206000 -9.61574e-05 
     1.1e+06           50         4.14    0.0183998    0.0231032   1.0935e+30       206000  0.000425095 
     1.1e+06           55         4.14    0.0165904    0.0206548   1.0935e+30       206000   0.00034267 
     1.1e+06           60         4.14    0.0149395    0.0155655   1.0935e+30       206000   0.00023254 
     1.1e+06           65         4.14    0.0133562   0.00908332   1.0935e+30       206000  0.000121319 
     1.1e+06           70         4.14    0.0139081   0.00484318   1.0935e+30       206000  6.73596e-05 
     1.1e+06           75         4.14    0.0115355   0.00210564   1.0935e+30       206000  2.42895e-05 
     1.1e+06           80         4.14   0.00826435   0.00102592   1.0935e+30       206000  8.47853e-06 
     1.1e+06           85         4.14   0.00797957   0.00227829   1.0935e+30       206000  1.81797e-05 
     1.1e+06           90         4.14   0.00775863   0.00706439   1.0935e+30       206000    5.481e-05 
