     1.2e+06           10         2.07    0.0164282    0.0343862    2.592e+30       206000  0.000564903 
     1.2e+06           15         2.07    0.0159836    0.0546524    2.592e+30       206000  0.000873545 
     1.2e+06           20         2.07    0.0142997    0.0844904    2.592e+30       206000   0.00120819 
     1.2e+06           25         2.07    0.0155395     0.109307    2.592e+30       206000   0.00169858 
     1.2e+06           30         2.07    0.0144442     0.130311    2.592e+30       206000   0.00188224 
     1.2e+06           35         2.07    0.0150042     0.158818    2.592e+30       206000   0.00238294 
     1.2e+06           40         2.07    0.0136084     0.189131    2.592e+30       206000   0.00257377 
     1.2e+06           45         2.07    0.0122846     0.228754    2.592e+30       206000   0.00281017 
     1.2e+06            5         2.07    0.0157224   0.00960344    2.592e+30       206000  0.000150989 
     1.2e+06           50         2.07    0.0110906     0.256792    2.592e+30       206000   0.00284798 
     1.2e+06           55         2.07       0.0107     0.285757    2.592e+30       206000   0.00305761 
     1.2e+06           60         2.07   0.00974434     0.304248    2.592e+30       206000    0.0029647 
     1.2e+06           65         2.07   0.00888355     0.337275    2.592e+30       206000    0.0029962 
     1.2e+06           70         2.07   0.00749621     0.332882    2.592e+30       206000   0.00249535 
     1.2e+06           75         2.07   0.00676809     0.366757    2.592e+30       206000   0.00248224 
     1.2e+06           80         2.07   0.00664842     0.367467    2.592e+30       206000   0.00244308 
     1.2e+06           85         2.07   0.00548899     0.339469    2.592e+30       206000   0.00186334 
     1.2e+06           90         2.07   0.00329629     0.316481    2.592e+30       206000   0.00104321 
     1.2e+06           10        2.484    0.0215291    0.0326513    2.592e+30       206000  0.000702955 
     1.2e+06           15        2.484    0.0208029    0.0498612    2.592e+30       206000   0.00103726 
     1.2e+06           20        2.484    0.0183729    0.0752525    2.592e+30       206000   0.00138261 
     1.2e+06           25        2.484    0.0196576    0.0949282    2.592e+30       206000   0.00186606 
     1.2e+06           30        2.484    0.0180183     0.108162    2.592e+30       206000    0.0019489 
     1.2e+06           35        2.484    0.0185182     0.127373    2.592e+30       206000   0.00235872 
     1.2e+06           40        2.484    0.0166927      0.14985    2.592e+30       206000   0.00250139 
     1.2e+06           45        2.484    0.0149859     0.179171    2.592e+30       206000   0.00268505 
     1.2e+06            5        2.484    0.0206169    0.0103379    2.592e+30       206000  0.000213136 
     1.2e+06           50        2.484    0.0134506     0.201539    2.592e+30       206000   0.00271082 
     1.2e+06           55        2.484    0.0128977     0.224879    2.592e+30       206000   0.00290043 
     1.2e+06           60        2.484    0.0116672     0.240687    2.592e+30       206000   0.00280815 
     1.2e+06           65        2.484    0.0105746     0.268199    2.592e+30       206000   0.00283611 
     1.2e+06           70        2.484   0.00885747     0.264698    2.592e+30       206000   0.00234455 
     1.2e+06           75        2.484   0.00792945      0.29248    2.592e+30       206000   0.00231921 
     1.2e+06           80        2.484   0.00773116     0.293927    2.592e+30       206000    0.0022724 
     1.2e+06           85        2.484   0.00634994     0.272064    2.592e+30       206000   0.00172759 
     1.2e+06           90        2.484   0.00380632     0.255369    2.592e+30       206000  0.000972017 
     1.2e+06           10        3.105    0.0207332    0.0306795    2.592e+30       206000  0.000636086 
     1.2e+06           15        3.105    0.0206293    0.0433949    2.592e+30       206000  0.000895206 
     1.2e+06           20        3.105    0.0192367    0.0610028    2.592e+30       206000   0.00117349 
     1.2e+06           25        3.105    0.0219734    0.0714453    2.592e+30       206000    0.0015699 
     1.2e+06           30        3.105    0.0213165    0.0749405    2.592e+30       206000   0.00159747 
     1.2e+06           35        3.105    0.0225165    0.0800928    2.592e+30       206000   0.00180341 
     1.2e+06           40        3.105    0.0202521    0.0901436    2.592e+30       206000    0.0018256 
     1.2e+06           45        3.105    0.0180879     0.105868    2.592e+30       206000   0.00191493 
     1.2e+06            5        3.105    0.0198032    0.0112749    2.592e+30       206000   0.00022328 
     1.2e+06           50        3.105    0.0161979     0.119955    2.592e+30       206000   0.00194302 
     1.2e+06           55        3.105    0.0155923     0.135787    2.592e+30       206000   0.00211724 
     1.2e+06           60        3.105    0.0142149      0.14736    2.592e+30       206000   0.00209471 
     1.2e+06           65        3.105    0.0129659     0.166305    2.592e+30       206000   0.00215629 
     1.2e+06           70        3.105    0.0108394     0.165168    2.592e+30       206000   0.00179032 
     1.2e+06           75        3.105   0.00958667      0.18318    2.592e+30       206000   0.00175609 
     1.2e+06           80        3.105   0.00922911     0.184802    2.592e+30       206000   0.00170556 
     1.2e+06           85        3.105   0.00746643     0.171592    2.592e+30       206000   0.00128118 
     1.2e+06           90        3.105   0.00441107     0.161387    2.592e+30       206000   0.00071189 
     1.2e+06           10        3.726    0.0246616    0.0286578    2.592e+30       206000  0.000706746 
     1.2e+06           15        3.726    0.0243692    0.0370878    2.592e+30       206000    0.0009038 
     1.2e+06           20        3.726    0.0224379    0.0461057    2.592e+30       206000   0.00103452 
     1.2e+06           25        3.726    0.0252426    0.0476142    2.592e+30       206000   0.00120191 
     1.2e+06           30        3.726    0.0241524    0.0404056    2.592e+30       206000  0.000975892 
     1.2e+06           35        3.726     0.025205    0.0319984    2.592e+30       206000  0.000806519 
     1.2e+06           40        3.726     0.022466    0.0295571    2.592e+30       206000  0.000664031 
     1.2e+06           45        3.726    0.0198951     0.032417    2.592e+30       206000  0.000644941 
     1.2e+06            5        3.726    0.0235697    0.0118986    2.592e+30       206000  0.000280446 
     1.2e+06           50        3.726    0.0176719    0.0381613    2.592e+30       206000  0.000674382 
     1.2e+06           55        3.726    0.0168958    0.0461389    2.592e+30       206000  0.000779553 
     1.2e+06           60        3.726    0.0153039    0.0537788    2.592e+30       206000  0.000823025 
     1.2e+06           65        3.726    0.0138845     0.063643    2.592e+30       206000  0.000883651 
     1.2e+06           70        3.726    0.0115765    0.0651635    2.592e+30       206000  0.000754364 
     1.2e+06           75        3.726     0.010249    0.0734303    2.592e+30       206000  0.000752588 
     1.2e+06           80        3.726   0.00988378    0.0741862    2.592e+30       206000   0.00073324 
     1.2e+06           85        3.726   0.00800258    0.0680842    2.592e+30       206000  0.000544849 
     1.2e+06           90        3.726   0.00472653    0.0625565    2.592e+30       206000  0.000295675 
     1.2e+06           10         4.14    0.0247469    0.0270123    2.592e+30       206000  0.000668473 
     1.2e+06           15         4.14    0.0244342     0.032208    2.592e+30       206000  0.000786977 
     1.2e+06           20         4.14     0.022465    0.0360604    2.592e+30       206000  0.000810096 
     1.2e+06           25         4.14    0.0252287    0.0314765    2.592e+30       206000  0.000794112 
     1.2e+06           30         4.14    0.0241263     0.016934    2.592e+30       206000  0.000408554 
     1.2e+06           35         4.14    0.0253852 -0.000508216    2.592e+30       206000 -1.29012e-05 
     1.2e+06           40         4.14    0.0229626   -0.0115865    2.592e+30       206000 -0.000266055 
     1.2e+06           45         4.14     0.020643   -0.0171634    2.592e+30       206000 -0.000354304 
     1.2e+06            5         4.14    0.0236529    0.0122094    2.592e+30       206000  0.000288788 
     1.2e+06           50         4.14    0.0185531   -0.0172655    2.592e+30       206000 -0.000320328 
     1.2e+06           55         4.14    0.0178122   -0.0146175    2.592e+30       206000  -0.00026037 
     1.2e+06           60         4.14    0.0161326  -0.00975139    2.592e+30       206000 -0.000157316 
     1.2e+06           65         4.14    0.0146319  -0.00616471    2.592e+30       206000 -9.02018e-05 
     1.2e+06           70         4.14    0.0121825  -0.00280769    2.592e+30       206000 -3.42048e-05 
     1.2e+06           75         4.14     0.010757 -0.000970866    2.592e+30       206000 -1.04436e-05 
     1.2e+06           80         4.14    0.0103473  -0.00139494    2.592e+30       206000 -1.44339e-05 
     1.2e+06           85         4.14   0.00835252  -0.00362952    2.592e+30       206000 -3.03156e-05 
     1.2e+06           90         4.14   0.00491871  -0.00728726    2.592e+30       206000 -3.58439e-05 
     1.2e+06           10        4.554    0.0247424    0.0252835    2.592e+30       206000  0.000625575 
     1.2e+06           15        4.554    0.0243642    0.0274863    2.592e+30       206000  0.000669683 
     1.2e+06           20        4.554      0.02229    0.0259281    2.592e+30       206000  0.000577935 
     1.2e+06           25        4.554    0.0248834    0.0151723    2.592e+30       206000  0.000377539 
     1.2e+06           30        4.554    0.0237043  -0.00686492    2.592e+30       206000 -0.000162728 
     1.2e+06           35        4.554    0.0251742   -0.0334972    2.592e+30       206000 -0.000843265 
     1.2e+06           40        4.554    0.0232179   -0.0536277    2.592e+30       206000  -0.00124512 
     1.2e+06           45        4.554    0.0212923   -0.0675771    2.592e+30       206000  -0.00143887 
     1.2e+06            5        4.554    0.0236542    0.0124612    2.592e+30       206000  0.000294759 
     1.2e+06           50        4.554     0.019374   -0.0736944    2.592e+30       206000  -0.00142775 
     1.2e+06           55        4.554    0.0185268   -0.0764923    2.592e+30       206000  -0.00141716 
     1.2e+06           60        4.554    0.0165464   -0.0745708    2.592e+30       206000  -0.00123388 
     1.2e+06           65        4.554    0.0148311   -0.0773905    2.592e+30       206000  -0.00114779 
     1.2e+06           70        4.554    0.0123298   -0.0722476    2.592e+30       206000 -0.000890799 
     1.2e+06           75        4.554    0.0110147    -0.076713    2.592e+30       206000 -0.000844971 
     1.2e+06           80        4.554    0.0107335    -0.078747    2.592e+30       206000  -0.00084523 
     1.2e+06           85        4.554   0.00872432   -0.0778356    2.592e+30       206000 -0.000679062 
     1.2e+06           90        4.554   0.00513468   -0.0803711    2.592e+30       206000  -0.00041268 
     1.2e+06           10        5.175    0.0245255    0.0239053    2.592e+30       206000   0.00058629 
     1.2e+06           15        5.175    0.0240891    0.0230402    2.592e+30       206000   0.00055502 
     1.2e+06           20        5.175    0.0219345    0.0157263    2.592e+30       206000   0.00034495 
     1.2e+06           25        5.175     0.024348   -0.0013697    2.592e+30       206000 -3.33494e-05 
     1.2e+06           30        5.175    0.0230672   -0.0311167    2.592e+30       206000 -0.000717774 
     1.2e+06           35        5.175    0.0243125   -0.0672517    2.592e+30       206000  -0.00163505 
     1.2e+06           40        5.175    0.0222381   -0.0976223    2.592e+30       206000  -0.00217093 
     1.2e+06           45        5.175    0.0202285    -0.120999    2.592e+30       206000  -0.00244762 
     1.2e+06            5        5.175    0.0234521    0.0126888    2.592e+30       206000   0.00029758 
     1.2e+06           50        5.175    0.0183528     -0.13492    2.592e+30       206000  -0.00247616 
     1.2e+06           55        5.175     0.017691    -0.144454    2.592e+30       206000  -0.00255553 
     1.2e+06           60        5.175    0.0160402    -0.146672    2.592e+30       206000  -0.00235266 
     1.2e+06           65        5.175    0.0145642     -0.15717    2.592e+30       206000  -0.00228906 
     1.2e+06           70        5.175    0.0122058    -0.150735    2.592e+30       206000  -0.00183984 
     1.2e+06           75        5.175    0.0109151    -0.162141    2.592e+30       206000  -0.00176979 
     1.2e+06           80        5.175    0.0106283    -0.166546    2.592e+30       206000   -0.0017701 
     1.2e+06           85        5.175   0.00862886    -0.163061    2.592e+30       206000  -0.00140703 
     1.2e+06           90        5.175   0.00507169    -0.165365    2.592e+30       206000  -0.00083868 
     1.2e+06           10        5.796    0.0247286    0.0246164    2.592e+30       206000  0.000608729 
     1.2e+06           15        5.796    0.0241111    0.0247763    2.592e+30       206000  0.000597384 
     1.2e+06           20        5.796    0.0216573    0.0186851    2.592e+30       206000   0.00040467 
     1.2e+06           25        5.796    0.0236487    0.0029737    2.592e+30       206000  7.03241e-05 
     1.2e+06           30        5.796     0.022068   -0.0247446    2.592e+30       206000 -0.000546063 
     1.2e+06           35        5.796     0.022911   -0.0595268    2.592e+30       206000  -0.00136382 
     1.2e+06           40        5.796    0.0206887   -0.0902959    2.592e+30       206000   -0.0018681 
     1.2e+06           45        5.796    0.0185894    -0.114808    2.592e+30       206000  -0.00213422 
     1.2e+06            5        5.796    0.0236617    0.0128191    2.592e+30       206000  0.000303322 
     1.2e+06           50        5.796    0.0167797     -0.13151    2.592e+30       206000   -0.0022067 
     1.2e+06           55        5.796    0.0163367     -0.14389    2.592e+30       206000  -0.00235069 
     1.2e+06           60        5.796    0.0151051    -0.149018    2.592e+30       206000  -0.00225093 
     1.2e+06           65        5.796    0.0139477    -0.161867    2.592e+30       206000  -0.00225766 
     1.2e+06           70        5.796    0.0118254    -0.157138    2.592e+30       206000  -0.00185822 
     1.2e+06           75        5.796    0.0106157    -0.169694    2.592e+30       206000  -0.00180143 
     1.2e+06           80        5.796     0.010352    -0.174958    2.592e+30       206000  -0.00181116 
     1.2e+06           85        5.796   0.00839259    -0.172035    2.592e+30       206000  -0.00144382 
     1.2e+06           90        5.796   0.00491261    -0.174627    2.592e+30       206000 -0.000857873 
     1.2e+06           10         6.21    0.0243344    0.0252337    2.592e+30       206000  0.000614047 
     1.2e+06           15         6.21    0.0236767    0.0258216    2.592e+30       206000  0.000611371 
     1.2e+06           20         6.21    0.0211837    0.0206022    2.592e+30       206000   0.00043643 
     1.2e+06           25         6.21    0.0230221   0.00585042    2.592e+30       206000  0.000134689 
     1.2e+06           30         6.21    0.0213811    -0.020537    2.592e+30       206000 -0.000439104 
     1.2e+06           35         6.21    0.0220222   -0.0541996    2.592e+30       206000   -0.0011936 
     1.2e+06           40         6.21    0.0196962   -0.0852117    2.592e+30       206000  -0.00167835 
     1.2e+06           45         6.21      0.01753    -0.110738    2.592e+30       206000  -0.00194124 
     1.2e+06            5         6.21    0.0232889    0.0128854    2.592e+30       206000  0.000300087 
     1.2e+06           50         6.21    0.0157427     -0.12907    2.592e+30       206000   -0.0020319 
     1.2e+06           55         6.21    0.0153947    -0.143374    2.592e+30       206000   -0.0022072 
     1.2e+06           60         6.21    0.0143808    -0.150458    2.592e+30       206000  -0.00216371 
     1.2e+06           65         6.21    0.0133957     -0.16497    2.592e+30       206000  -0.00220988 
     1.2e+06           70         6.21    0.0114113    -0.161461    2.592e+30       206000  -0.00184248 
     1.2e+06           75         6.21    0.0102367    -0.174881    2.592e+30       206000  -0.00179021 
     1.2e+06           80         6.21   0.00996362    -0.180641    2.592e+30       206000  -0.00179984 
     1.2e+06           85         6.21   0.00807685    -0.178006    2.592e+30       206000  -0.00143772 
     1.2e+06           90         6.21   0.00473593    -0.180847    2.592e+30       206000 -0.000856478 
     1.2e+06           10        6.831    0.0237824    0.0262282    2.592e+30       206000  0.000623771 
     1.2e+06           15        6.831    0.0230746    0.0277106    2.592e+30       206000  0.000639412 
     1.2e+06           20        6.831    0.0205365    0.0235296    2.592e+30       206000  0.000483216 
     1.2e+06           25        6.831    0.0221774    0.0101868    2.592e+30       206000  0.000225917 
     1.2e+06           30        6.831    0.0204651   -0.0141442    2.592e+30       206000 -0.000289462 
     1.2e+06           35        6.831    0.0208515    -0.046136    2.592e+30       206000 -0.000962004 
     1.2e+06           40        6.831    0.0184037   -0.0773418    2.592e+30       206000  -0.00142338 
     1.2e+06           45        6.831    0.0161655    -0.104234    2.592e+30       206000    -0.001685 
     1.2e+06            5        6.831    0.0227663    0.0129693    2.592e+30       206000  0.000295263 
     1.2e+06           50        6.831    0.0144144    -0.125434    2.592e+30       206000  -0.00180806 
     1.2e+06           55        6.831    0.0141825    -0.142483    2.592e+30       206000  -0.00202077 
     1.2e+06           60        6.831    0.0134374    -0.152678    2.592e+30       206000  -0.00205159 
     1.2e+06           65        6.831    0.0126692    -0.169599    2.592e+30       206000  -0.00214868 
     1.2e+06           70        6.831    0.0108629    -0.168045    2.592e+30       206000  -0.00182545 
     1.2e+06           75        6.831   0.00973514    -0.182742    2.592e+30       206000  -0.00177902 
     1.2e+06           80        6.831   0.00945083    -0.189249    2.592e+30       206000  -0.00178856 
     1.2e+06           85        6.831   0.00763837    -0.186992    2.592e+30       206000  -0.00142831 
     1.2e+06           90        6.831   0.00446614    -0.189929    2.592e+30       206000 -0.000848249 
     1.2e+06           10        7.659    0.0231297    0.0270564    2.592e+30       206000  0.000625807 
     1.2e+06           15        7.659    0.0222944    0.0299905    2.592e+30       206000   0.00066862 
     1.2e+06           20        7.659     0.019599    0.0275317    2.592e+30       206000  0.000539593 
     1.2e+06           25        7.659    0.0208521    0.0160509    2.592e+30       206000  0.000334693 
     1.2e+06           30        7.659    0.0190262   -0.0054405    2.592e+30       206000 -0.000103512 
     1.2e+06           35        7.659    0.0195664   -0.0353246    2.592e+30       206000 -0.000691176 
     1.2e+06           40        7.659    0.0177287   -0.0667749    2.592e+30       206000  -0.00118383 
     1.2e+06           45        7.659    0.0160033   -0.0953196    2.592e+30       206000  -0.00152543 
     1.2e+06            5        7.659    0.0221545    0.0130605    2.592e+30       206000   0.00028935 
     1.2e+06           50        7.659    0.0145069    -0.120081    2.592e+30       206000    -0.001742 
     1.2e+06           55        7.659    0.0141693    -0.141107    2.592e+30       206000  -0.00199939 
     1.2e+06           60        7.659     0.013138     -0.15566    2.592e+30       206000  -0.00204506 
     1.2e+06           65        7.659    0.0121573    -0.175655    2.592e+30       206000  -0.00213549 
     1.2e+06           70        7.659    0.0102845    -0.177018    2.592e+30       206000  -0.00182054 
     1.2e+06           75        7.659    0.0091642    -0.193335    2.592e+30       206000  -0.00177176 
     1.2e+06           80        7.659    0.0088695    -0.200727    2.592e+30       206000  -0.00178034 
     1.2e+06           85        7.659   0.00713888    -0.198891    2.592e+30       206000  -0.00141986 
     1.2e+06           90        7.659   0.00415518    -0.201717    2.592e+30       206000  -0.00083817 
     1.2e+06           10         8.28    0.0226916    0.0276898    2.592e+30       206000  0.000628325 
     1.2e+06           15         8.28    0.0217353    0.0317485    2.592e+30       206000  0.000690065 
     1.2e+06           20         8.28    0.0188826    0.0305064    2.592e+30       206000   0.00057604 
     1.2e+06           25         8.28    0.0198043    0.0205402    2.592e+30       206000  0.000406783 
     1.2e+06           30         8.28    0.0178441   0.00119831    2.592e+30       206000  2.13828e-05 
     1.2e+06           35         8.28    0.0182245   -0.0269144    2.592e+30       206000 -0.000490501 
     1.2e+06           40         8.28    0.0165001    -0.058495    2.592e+30       206000 -0.000965171 
     1.2e+06           45         8.28    0.0148922   -0.0883169    2.592e+30       206000  -0.00131524 
     1.2e+06            5         8.28    0.0217471    0.0131138    2.592e+30       206000  0.000285187 
     1.2e+06           50         8.28    0.0134889    -0.115887    2.592e+30       206000   -0.0015632 
     1.2e+06           55         8.28    0.0131474    -0.139881    2.592e+30       206000  -0.00183907 
     1.2e+06           60         8.28    0.0121539    -0.157683    2.592e+30       206000  -0.00191646 
     1.2e+06           65         8.28    0.0112186    -0.180155    2.592e+30       206000  -0.00202109 
     1.2e+06           70         8.28   0.00948427    -0.183639    2.592e+30       206000  -0.00174169 
     1.2e+06           75         8.28    0.0084657    -0.201249    2.592e+30       206000  -0.00170372 
     1.2e+06           80         8.28   0.00820999     -0.20929    2.592e+30       206000  -0.00171827 
     1.2e+06           85         8.28   0.00662879    -0.207656    2.592e+30       206000  -0.00137651 
     1.2e+06           90         8.28   0.00387271    -0.210373    2.592e+30       206000 -0.000814715 
     1.2e+06           10        8.694    0.0221386    0.0280014    2.592e+30       206000  0.000619912 
     1.2e+06           15        8.694    0.0211549    0.0329218    2.592e+30       206000  0.000696458 
     1.2e+06           20        8.694    0.0182951    0.0325508    2.592e+30       206000  0.000595521 
     1.2e+06           25        8.694    0.0190829    0.0234915    2.592e+30       206000  0.000448286 
     1.2e+06           30        8.694    0.0171112   0.00567246    2.592e+30       206000  9.70623e-05 
     1.2e+06           35        8.694    0.0174291   -0.0212519    2.592e+30       206000 -0.000370401 
     1.2e+06           40        8.694    0.0157747   -0.0528345    2.592e+30       206000 -0.000833448 
     1.2e+06           45        8.694    0.0142363   -0.0835211    2.592e+30       206000  -0.00118903 
     1.2e+06            5        8.694    0.0212217    0.0131396    2.592e+30       206000  0.000278845 
     1.2e+06           50        8.694    0.0128868    -0.112876    2.592e+30       206000  -0.00145462 
     1.2e+06           55        8.694    0.0125394    -0.138904    2.592e+30       206000  -0.00174177 
     1.2e+06           60        8.694    0.0115638    -0.158904    2.592e+30       206000  -0.00183753 
     1.2e+06           65        8.694    0.0106523    -0.183066    2.592e+30       206000  -0.00195007 
     1.2e+06           70        8.694   0.00899884    -0.188071    2.592e+30       206000  -0.00169242 
     1.2e+06           75        8.694   0.00803984    -0.206573    2.592e+30       206000  -0.00166082 
     1.2e+06           80        8.694   0.00780619    -0.214993    2.592e+30       206000  -0.00167828 
     1.2e+06           85        8.694   0.00631518    -0.213453    2.592e+30       206000  -0.00134799 
     1.2e+06           90        8.694   0.00369846    -0.215992    2.592e+30       206000 -0.000798838 
     1.2e+06           10        9.315    0.0212943    0.0283434    2.592e+30       206000  0.000603553 
     1.2e+06           15        9.315    0.0202892     0.034559    2.592e+30       206000  0.000701175 
     1.2e+06           20        9.315      0.01745    0.0355593    2.592e+30       206000  0.000620509 
     1.2e+06           25        9.315    0.0180803    0.0279401    2.592e+30       206000  0.000505165 
     1.2e+06           30        9.315     0.016117    0.0124592    2.592e+30       206000  0.000200806 
     1.2e+06           35        9.315    0.0163627   -0.0125624    2.592e+30       206000 -0.000205555 
     1.2e+06           40        9.315    0.0148034   -0.0441579    2.592e+30       206000 -0.000653686 
     1.2e+06           45        9.315    0.0133581   -0.0761642    2.592e+30       206000  -0.00101741 
     1.2e+06            5        9.315    0.0204177    0.0131649    2.592e+30       206000  0.000268797 
     1.2e+06           50        9.315    0.0120812    -0.108232    2.592e+30       206000  -0.00130757 
     1.2e+06           55        9.315    0.0117276    -0.137315    2.592e+30       206000  -0.00161037 
     1.2e+06           60        9.315    0.0107782    -0.160737    2.592e+30       206000  -0.00173245 
     1.2e+06           65        9.315   0.00990026    -0.187384    2.592e+30       206000  -0.00185515 
     1.2e+06           70        9.315   0.00835474    -0.194722    2.592e+30       206000  -0.00162685 
     1.2e+06           75        9.315   0.00747417    -0.214497    2.592e+30       206000  -0.00160319 
     1.2e+06           80        9.315   0.00726906    -0.223481    2.592e+30       206000   -0.0016245 
     1.2e+06           85        9.315   0.00587779    -0.222089    2.592e+30       206000  -0.00130539 
     1.2e+06           90        9.315   0.00343332     -0.22417    2.592e+30       206000 -0.000769648 
     1.2e+06           10        9.729    0.0208432    0.0287506    2.592e+30       206000  0.000599252 
     1.2e+06           15        9.729    0.0198159    0.0358388    2.592e+30       206000   0.00071018 
     1.2e+06           20        9.729    0.0169721    0.0375747    2.592e+30       206000  0.000637721 
     1.2e+06           25        9.729    0.0174965    0.0309758    2.592e+30       206000  0.000541969 
     1.2e+06           30        9.729    0.0155274    0.0170351    2.592e+30       206000   0.00026451 
     1.2e+06           35        9.729     0.015725  -0.00672816    2.592e+30       206000 -0.000105801 
     1.2e+06           40        9.729    0.0142221   -0.0382618    2.592e+30       206000 -0.000544165 
     1.2e+06           45        9.729    0.0128327   -0.0711015    2.592e+30       206000 -0.000912421 
     1.2e+06            5        9.729     0.019989    0.0131651    2.592e+30       206000  0.000263157 
     1.2e+06           50        9.729    0.0115996    -0.104948    2.592e+30       206000  -0.00121735 
     1.2e+06           55        9.729    0.0112432    -0.136201    2.592e+30       206000  -0.00153133 
     1.2e+06           60        9.729    0.0103108    -0.161925    2.592e+30       206000  -0.00166957 
     1.2e+06           65        9.729   0.00945382    -0.190169    2.592e+30       206000  -0.00179783 
     1.2e+06           70        9.729    0.0079727    -0.199096    2.592e+30       206000  -0.00158733 
     1.2e+06           75        9.729   0.00713828    -0.219755    2.592e+30       206000  -0.00156868 
     1.2e+06           80        9.729   0.00694969     -0.22909    2.592e+30       206000   -0.0015921 
     1.2e+06           85        9.729   0.00561783    -0.227768    2.592e+30       206000  -0.00127957 
     1.2e+06           90        9.729   0.00327607    -0.229499    2.592e+30       206000 -0.000751856 
     1.2e+06           10        10.35    0.0202237    0.0304576    2.592e+30       206000  0.000615966 
     1.2e+06           15        10.35    0.0192322    0.0380694    2.592e+30       206000  0.000732158 
     1.2e+06           20        10.35    0.0164806    0.0408245    2.592e+30       206000  0.000672812 
     1.2e+06           25        10.35    0.0170005    0.0354773    2.592e+30       206000  0.000603132 
     1.2e+06           30        10.35    0.0150982      0.02364    2.592e+30       206000  0.000356921 
     1.2e+06           35        10.35    0.0153214   0.00180469    2.592e+30       206000  2.76504e-05 
     1.2e+06           40        10.35    0.0138965   -0.0284408    2.592e+30       206000 -0.000395229 
     1.2e+06           45        10.35    0.0125746   -0.0609484    2.592e+30       206000 -0.000766404 
     1.2e+06            5        10.35    0.0193945    0.0141221    2.592e+30       206000  0.000273891 
     1.2e+06           50        10.35    0.0113536   -0.0953726    2.592e+30       206000  -0.00108282 
     1.2e+06           55        10.35    0.0109036    -0.127509    2.592e+30       206000  -0.00139031 
     1.2e+06           60        10.35   0.00985354    -0.154919    2.592e+30       206000   -0.0015265 
     1.2e+06           65        10.35   0.00892252     -0.18397    2.592e+30       206000  -0.00164148 
     1.2e+06           70        10.35   0.00746927    -0.194801    2.592e+30       206000  -0.00145502 
     1.2e+06           75        10.35   0.00668613    -0.215825    2.592e+30       206000  -0.00144304 
     1.2e+06           80        10.35   0.00651922     -0.22533    2.592e+30       206000  -0.00146898 
     1.2e+06           85        10.35    0.0052676    -0.224456    2.592e+30       206000  -0.00118234 
     1.2e+06           90        10.35   0.00306464    -0.225792    2.592e+30       206000 -0.000691971 
