     1.2e+06           10         2.07    0.0164282   -0.0241492   1.0935e+30       206000 -0.000396727 
     1.2e+06           15         2.07    0.0159836   -0.0586831   1.0935e+30       206000 -0.000937971 
     1.2e+06           20         2.07    0.0142997   -0.0972143   1.0935e+30       206000  -0.00139014 
     1.2e+06           25         2.07    0.0155395    -0.133754   1.0935e+30       206000  -0.00207847 
     1.2e+06           30         2.07    0.0144442    -0.166296   1.0935e+30       206000  -0.00240201 
     1.2e+06           35         2.07    0.0150042    -0.208085   1.0935e+30       206000  -0.00312214 
     1.2e+06           40         2.07    0.0136084    -0.254429   1.0935e+30       206000  -0.00346236 
     1.2e+06           45         2.07    0.0122846    -0.299633   1.0935e+30       206000  -0.00368089 
     1.2e+06            5         2.07    0.0157224   -0.0056603   1.0935e+30       206000 -8.89936e-05 
     1.2e+06           50         2.07    0.0110906    -0.345373   1.0935e+30       206000  -0.00383041 
     1.2e+06           55         2.07       0.0107    -0.386482   1.0935e+30       206000  -0.00413537 
     1.2e+06           60         2.07   0.00974434    -0.421602   1.0935e+30       206000  -0.00410824 
     1.2e+06           65         2.07   0.00888355    -0.444809   1.0935e+30       206000  -0.00395149 
     1.2e+06           70         2.07   0.00749621    -0.466342   1.0935e+30       206000  -0.00349579 
     1.2e+06           75         2.07   0.00676809     -0.47656   1.0935e+30       206000   -0.0032254 
     1.2e+06           80         2.07   0.00664842    -0.479592   1.0935e+30       206000  -0.00318853 
     1.2e+06           85         2.07   0.00548899    -0.475342   1.0935e+30       206000  -0.00260915 
     1.2e+06           90         2.07   0.00329629    -0.464404   1.0935e+30       206000  -0.00153081 
     1.2e+06           10        2.484    0.0215291   -0.0227101   1.0935e+30       206000 -0.000488928 
     1.2e+06           15        2.484    0.0208029   -0.0531272   1.0935e+30       206000   -0.0011052 
     1.2e+06           20        2.484    0.0183729   -0.0854206   1.0935e+30       206000  -0.00156942 
     1.2e+06           25        2.484    0.0196576    -0.113915   1.0935e+30       206000   -0.0022393 
     1.2e+06           30        2.484    0.0180183    -0.136849   1.0935e+30       206000  -0.00246579 
     1.2e+06           35        2.484    0.0185182      -0.1661   1.0935e+30       206000  -0.00307587 
     1.2e+06           40        2.484    0.0166927    -0.200441   1.0935e+30       206000   -0.0033459 
     1.2e+06           45        2.484    0.0149859    -0.235203   1.0935e+30       206000  -0.00352474 
     1.2e+06            5        2.484    0.0206169  -0.00537375   1.0935e+30       206000  -0.00011079 
     1.2e+06           50        2.484    0.0134506    -0.271665   1.0935e+30       206000  -0.00365406 
     1.2e+06           55        2.484    0.0128977     -0.30525   1.0935e+30       206000  -0.00393703 
     1.2e+06           60        2.484    0.0116672    -0.334565   1.0935e+30       206000  -0.00390344 
     1.2e+06           65        2.484    0.0105746    -0.354203   1.0935e+30       206000  -0.00374557 
     1.2e+06           70        2.484   0.00885747    -0.372287   1.0935e+30       206000  -0.00329752 
     1.2e+06           75        2.484   0.00792945    -0.380987   1.0935e+30       206000  -0.00302102 
     1.2e+06           80        2.484   0.00773116    -0.383316   1.0935e+30       206000  -0.00296348 
     1.2e+06           85        2.484   0.00634994    -0.379304   1.0935e+30       206000  -0.00240855 
     1.2e+06           90        2.484   0.00380632    -0.369731   1.0935e+30       206000  -0.00140732 
     1.2e+06           10        8.694    0.0221386   -0.0176005   1.0935e+30       206000  -0.00038965 
     1.2e+06           15        8.694    0.0211549   -0.0302845   1.0935e+30       206000 -0.000640667 
     1.2e+06           20        8.694    0.0182951   -0.0329329   1.0935e+30       206000 -0.000602511 
     1.2e+06           25        8.694    0.0190829   -0.0234296   1.0935e+30       206000 -0.000447104 
     1.2e+06           30        8.694    0.0171112  -0.00448123   1.0935e+30       206000 -7.66791e-05 
     1.2e+06           35        8.694    0.0174291    0.0277656   1.0935e+30       206000  0.000483928 
     1.2e+06           40        8.694    0.0157747    0.0640125   1.0935e+30       206000   0.00100978 
     1.2e+06           45        8.694    0.0142363    0.0996095   1.0935e+30       206000   0.00141807 
     1.2e+06            5        8.694    0.0212217  -0.00449941   1.0935e+30       206000 -9.54851e-05 
     1.2e+06           50        8.694    0.0128868     0.135009   1.0935e+30       206000   0.00173984 
     1.2e+06           55        8.694    0.0125394      0.16579   1.0935e+30       206000    0.0020789 
     1.2e+06           60        8.694    0.0115638     0.192048   1.0935e+30       206000   0.00222079 
     1.2e+06           65        8.694    0.0106523     0.210188   1.0935e+30       206000   0.00223899 
     1.2e+06           70        8.694   0.00899884     0.226285   1.0935e+30       206000    0.0020363 
     1.2e+06           75        8.694   0.00803984     0.236161   1.0935e+30       206000    0.0018987 
     1.2e+06           80        8.694   0.00780619     0.240632   1.0935e+30       206000   0.00187842 
     1.2e+06           85        8.694   0.00631518     0.241141   1.0935e+30       206000   0.00152285 
     1.2e+06           90        8.694   0.00369846       0.2383   1.0935e+30       206000  0.000881343 
     1.2e+06           10        4.554    0.0247424   -0.0156475   1.0935e+30       206000 -0.000387156 
     1.2e+06           15        4.554    0.0243642   -0.0263692   1.0935e+30       206000 -0.000642466 
     1.2e+06           20        4.554      0.02229   -0.0274683   1.0935e+30       206000 -0.000612268 
     1.2e+06           25        4.554    0.0248834   -0.0153847   1.0935e+30       206000 -0.000382825 
     1.2e+06           30        4.554    0.0237043    0.0100936   1.0935e+30       206000  0.000239263 
     1.2e+06           35        4.554    0.0251742    0.0435125   1.0935e+30       206000   0.00109539 
     1.2e+06           40        4.554    0.0232179    0.0691642   1.0935e+30       206000   0.00160585 
     1.2e+06           45        4.554    0.0212923    0.0865449   1.0935e+30       206000   0.00184274 
     1.2e+06            5        4.554    0.0236542  -0.00394099   1.0935e+30       206000 -9.32208e-05 
     1.2e+06           50        4.554     0.019374    0.0963904   1.0935e+30       206000   0.00186746 
     1.2e+06           55        4.554    0.0185268     0.100381   1.0935e+30       206000   0.00185974 
     1.2e+06           60        4.554    0.0165464     0.100275   1.0935e+30       206000    0.0016592 
     1.2e+06           65        4.554    0.0148311    0.0986248   1.0935e+30       206000   0.00146271 
     1.2e+06           70        4.554    0.0123298    0.0977174   1.0935e+30       206000   0.00120484 
     1.2e+06           75        4.554    0.0110147    0.0967797   1.0935e+30       206000     0.001066 
     1.2e+06           80        4.554    0.0107335    0.0980654   1.0935e+30       206000   0.00105258 
     1.2e+06           85        4.554   0.00872432     0.100937   1.0935e+30       206000  0.000880609 
     1.2e+06           90        4.554   0.00513468     0.103633   1.0935e+30       206000  0.000532124 
     1.2e+06           10         6.21    0.0243344   -0.0152566   1.0935e+30       206000  -0.00037126 
     1.2e+06           15         6.21    0.0236767   -0.0237458   1.0935e+30       206000 -0.000562223 
     1.2e+06           20         6.21    0.0211837   -0.0208536   1.0935e+30       206000 -0.000441756 
     1.2e+06           25         6.21    0.0230221  -0.00379989   1.0935e+30       206000 -8.74814e-05 
     1.2e+06           30         6.21    0.0213811    0.0264453   1.0935e+30       206000  0.000565429 
     1.2e+06           35         6.21    0.0220222    0.0683925   1.0935e+30       206000   0.00150616 
     1.2e+06           40         6.21    0.0196962      0.10621   1.0935e+30       206000   0.00209193 
     1.2e+06           45         6.21      0.01753      0.13723   1.0935e+30       206000   0.00240565 
     1.2e+06            5         6.21    0.0232889  -0.00391632   1.0935e+30       206000 -9.12068e-05 
     1.2e+06           50         6.21    0.0157427     0.162393   1.0935e+30       206000    0.0025565 
     1.2e+06           55         6.21    0.0153947      0.18071   1.0935e+30       206000   0.00278197 
     1.2e+06           60         6.21    0.0143808     0.193391   1.0935e+30       206000   0.00278111 
     1.2e+06           65         6.21    0.0133957     0.200796   1.0935e+30       206000   0.00268979 
     1.2e+06           70         6.21    0.0114113     0.207935   1.0935e+30       206000   0.00237281 
     1.2e+06           75         6.21    0.0102367     0.211657   1.0935e+30       206000   0.00216667 
     1.2e+06           80         6.21   0.00996362     0.214509   1.0935e+30       206000   0.00213728 
     1.2e+06           85         6.21   0.00807685      0.21645   1.0935e+30       206000   0.00174823 
     1.2e+06           90         6.21   0.00473593     0.216342   1.0935e+30       206000   0.00102458 
     1.2e+06           10         8.28    0.0226916   -0.0172096   1.0935e+30       206000 -0.000390514 
     1.2e+06           15         8.28    0.0217353    -0.029202   1.0935e+30       206000 -0.000634715 
     1.2e+06           20         8.28    0.0188826   -0.0309334   1.0935e+30       206000 -0.000584103 
     1.2e+06           25         8.28    0.0198043   -0.0201842   1.0935e+30       206000 -0.000399733 
     1.2e+06           30         8.28    0.0178441  0.000645464   1.0935e+30       206000  1.15177e-05 
     1.2e+06           35         8.28    0.0182245    0.0345671   1.0935e+30       206000  0.000629969 
     1.2e+06           40         8.28    0.0165001    0.0710821   1.0935e+30       206000   0.00117286 
     1.2e+06           45         8.28    0.0148922     0.105906   1.0935e+30       206000   0.00157718 
     1.2e+06            5         8.28    0.0217471  -0.00440223   1.0935e+30       206000 -9.57356e-05 
     1.2e+06           50         8.28    0.0134889     0.139589   1.0935e+30       206000   0.00188291 
     1.2e+06           55         8.28    0.0131474     0.168289   1.0935e+30       206000   0.00221256 
     1.2e+06           60         8.28    0.0121539     0.192282   1.0935e+30       206000   0.00233697 
     1.2e+06           65         8.28    0.0112186     0.208629   1.0935e+30       206000   0.00234053 
     1.2e+06           70         8.28   0.00948427     0.223223   1.0935e+30       206000    0.0021171 
     1.2e+06           75         8.28    0.0084657     0.232073   1.0935e+30       206000   0.00196466 
     1.2e+06           80         8.28   0.00820999     0.236277   1.0935e+30       206000   0.00193983 
     1.2e+06           85         8.28   0.00662879     0.237028   1.0935e+30       206000   0.00157121 
     1.2e+06           90         8.28   0.00387271     0.234645   1.0935e+30       206000  0.000908713 
     1.2e+06           10        7.659    0.0231297    -0.016627   1.0935e+30       206000 -0.000384577 
     1.2e+06           15        7.659    0.0222944   -0.0275793   1.0935e+30       206000 -0.000614865 
     1.2e+06           20        7.659     0.019599   -0.0279166   1.0935e+30       206000 -0.000547136 
     1.2e+06           25        7.659    0.0208521   -0.0152638   1.0935e+30       206000 -0.000318281 
     1.2e+06           30        7.659    0.0190262   0.00840139   1.0935e+30       206000  0.000159846 
     1.2e+06           35        7.659    0.0195664      0.04478   1.0935e+30       206000  0.000876184 
     1.2e+06           40        7.659    0.0177287    0.0816866   1.0935e+30       206000    0.0014482 
     1.2e+06           45        7.659    0.0160033     0.115351   1.0935e+30       206000   0.00184601 
     1.2e+06            5        7.659    0.0221545  -0.00425646   1.0935e+30       206000 -9.42998e-05 
     1.2e+06           50        7.659    0.0145069     0.146452   1.0935e+30       206000   0.00212456 
     1.2e+06           55        7.659    0.0141693     0.172023   1.0935e+30       206000   0.00243745 
     1.2e+06           60        7.659     0.013138     0.192622   1.0935e+30       206000   0.00253067 
     1.2e+06           65        7.659    0.0121573     0.206284   1.0935e+30       206000   0.00250785 
     1.2e+06           70        7.659    0.0102845     0.218628   1.0935e+30       206000   0.00224848 
     1.2e+06           75        7.659    0.0091642     0.225943   1.0935e+30       206000   0.00207058 
     1.2e+06           80        7.659    0.0088695     0.229744   1.0935e+30       206000   0.00203771 
     1.2e+06           85        7.659   0.00713888     0.230854   1.0935e+30       206000   0.00164804 
     1.2e+06           90        7.659   0.00415518     0.229161   1.0935e+30       206000  0.000952207 
     1.2e+06           10        3.726    0.0246616   -0.0185005   1.0935e+30       206000  -0.00045625 
     1.2e+06           15        3.726    0.0243692   -0.0372915   1.0935e+30       206000 -0.000908764 
     1.2e+06           20        3.726    0.0224379   -0.0508691   1.0935e+30       206000   -0.0011414 
     1.2e+06           25        3.726    0.0252426   -0.0549475   1.0935e+30       206000  -0.00138702 
     1.2e+06           30        3.726    0.0241524    -0.048786   1.0935e+30       206000   -0.0011783 
     1.2e+06           35        3.726     0.025205   -0.0404947   1.0935e+30       206000  -0.00102067 
     1.2e+06           40        3.726     0.022466   -0.0388016   1.0935e+30       206000 -0.000871718 
     1.2e+06           45        3.726    0.0198951   -0.0421835   1.0935e+30       206000 -0.000839246 
     1.2e+06            5        3.726    0.0235697  -0.00451409   1.0935e+30       206000 -0.000106396 
     1.2e+06           50        3.726    0.0176719   -0.0508099   1.0935e+30       206000 -0.000897907 
     1.2e+06           55        3.726    0.0168958   -0.0618701   1.0935e+30       206000  -0.00104534 
     1.2e+06           60        3.726    0.0153039   -0.0736716   1.0935e+30       206000  -0.00112746 
     1.2e+06           65        3.726    0.0138845   -0.0825134   1.0935e+30       206000  -0.00114566 
     1.2e+06           70        3.726    0.0115765   -0.0902646   1.0935e+30       206000  -0.00104495 
     1.2e+06           75        3.726     0.010249   -0.0943199   1.0935e+30       206000 -0.000966686 
     1.2e+06           80        3.726   0.00988378   -0.0944927   1.0935e+30       206000 -0.000933945 
     1.2e+06           85        3.726   0.00800258   -0.0911879   1.0935e+30       206000 -0.000729738 
     1.2e+06           90        3.726   0.00472653   -0.0857379   1.0935e+30       206000 -0.000405243 
     1.2e+06           10        3.105    0.0207332   -0.0206527   1.0935e+30       206000 -0.000428198 
     1.2e+06           15        3.105    0.0206293   -0.0455956   1.0935e+30       206000 -0.000940606 
     1.2e+06           20        3.105    0.0192367   -0.0685409   1.0935e+30       206000   -0.0013185 
     1.2e+06           25        3.105    0.0219734   -0.0847249   1.0935e+30       206000   -0.0018617 
     1.2e+06           30        3.105    0.0213165   -0.0929685   1.0935e+30       206000  -0.00198176 
     1.2e+06           35        3.105    0.0225165    -0.103293   1.0935e+30       206000   -0.0023258 
     1.2e+06           40        3.105    0.0202521    -0.119584   1.0935e+30       206000  -0.00242182 
     1.2e+06           45        3.105    0.0180879    -0.138667   1.0935e+30       206000  -0.00250819 
     1.2e+06            5        3.105    0.0198032  -0.00494392   1.0935e+30       206000 -9.79055e-05 
     1.2e+06           50        3.105    0.0161979    -0.161258   1.0935e+30       206000  -0.00261204 
     1.2e+06           55        3.105    0.0155923    -0.183624   1.0935e+30       206000  -0.00286312 
     1.2e+06           60        3.105    0.0142149    -0.204166   1.0935e+30       206000  -0.00290221 
     1.2e+06           65        3.105    0.0129659    -0.218383   1.0935e+30       206000  -0.00283153 
     1.2e+06           70        3.105    0.0108394    -0.231252   1.0935e+30       206000  -0.00250662 
     1.2e+06           75        3.105   0.00958667     -0.23764   1.0935e+30       206000  -0.00227817 
     1.2e+06           80        3.105   0.00922911    -0.238906   1.0935e+30       206000  -0.00220489 
     1.2e+06           85        3.105   0.00746643    -0.235288   1.0935e+30       206000  -0.00175676 
     1.2e+06           90        3.105   0.00441107    -0.227767   1.0935e+30       206000   -0.0010047 
     1.2e+06           10        5.796    0.0247286   -0.0148637   1.0935e+30       206000 -0.000367559 
     1.2e+06           15        5.796    0.0241111   -0.0226432   1.0935e+30       206000 -0.000545951 
     1.2e+06           20        5.796    0.0216573   -0.0188303   1.0935e+30       206000 -0.000407813 
     1.2e+06           25        5.796    0.0236487 -0.000522217   1.0935e+30       206000 -1.23498e-05 
     1.2e+06           30        5.796     0.022068    0.0316354   1.0935e+30       206000  0.000698128 
     1.2e+06           35        5.796     0.022911    0.0753305   1.0935e+30       206000    0.0017259 
     1.2e+06           40        5.796    0.0206887     0.113424   1.0935e+30       206000   0.00234659 
     1.2e+06           45        5.796    0.0185894     0.143633   1.0935e+30       206000   0.00267006 
     1.2e+06            5        5.796    0.0236617  -0.00381914   1.0935e+30       206000 -9.03674e-05 
     1.2e+06           50        5.796    0.0167797     0.166961   1.0935e+30       206000   0.00280156 
     1.2e+06           55        5.796    0.0163367      0.18312   1.0935e+30       206000   0.00299158 
     1.2e+06           60        5.796    0.0151051      0.19357   1.0935e+30       206000   0.00292389 
     1.2e+06           65        5.796    0.0139477     0.199206   1.0935e+30       206000   0.00277846 
     1.2e+06           70        5.796    0.0118254     0.204871   1.0935e+30       206000   0.00242268 
     1.2e+06           75        5.796    0.0106157     0.207574   1.0935e+30       206000   0.00220355 
     1.2e+06           80        5.796     0.010352     0.210156   1.0935e+30       206000   0.00217553 
     1.2e+06           85        5.796   0.00839259     0.212332   1.0935e+30       206000   0.00178202 
     1.2e+06           90        5.796   0.00491261     0.212684   1.0935e+30       206000   0.00104483 
     1.2e+06           10        6.831    0.0237824    -0.015846   1.0935e+30       206000 -0.000376857 
     1.2e+06           15        6.831    0.0230746   -0.0253952   1.0935e+30       206000 -0.000585985 
     1.2e+06           20        6.831    0.0205365   -0.0238804   1.0935e+30       206000 -0.000490421 
     1.2e+06           25        6.831    0.0221774  -0.00870088   1.0935e+30       206000 -0.000192963 
     1.2e+06           30        6.831    0.0204651    0.0186874   1.0935e+30       206000  0.000382438 
     1.2e+06           35        6.831    0.0208515    0.0580126   1.0935e+30       206000   0.00120965 
     1.2e+06           40        6.831    0.0184037    0.0954021   1.0935e+30       206000   0.00175575 
     1.2e+06           45        6.831    0.0161655     0.127621   1.0935e+30       206000   0.00206306 
     1.2e+06            5        6.831    0.0227663  -0.00406209   1.0935e+30       206000  -9.2479e-05 
     1.2e+06           50        6.831    0.0144144     0.155539   1.0935e+30       206000   0.00224199 
     1.2e+06           55        6.831    0.0141825     0.177116   1.0935e+30       206000   0.00251195 
     1.2e+06           60        6.831    0.0134374     0.193149   1.0935e+30       206000   0.00259541 
     1.2e+06           65        6.831    0.0126692     0.203198   1.0935e+30       206000   0.00257435 
     1.2e+06           70        6.831    0.0108629     0.212531   1.0935e+30       206000    0.0023087 
     1.2e+06           75        6.831   0.00973514      0.21778   1.0935e+30       206000   0.00212012 
     1.2e+06           80        6.831   0.00945083     0.221038   1.0935e+30       206000   0.00208899 
     1.2e+06           85        6.831   0.00763837     0.222621   1.0935e+30       206000   0.00170046 
     1.2e+06           90        6.831   0.00446614     0.221834   1.0935e+30       206000  0.000990744 
     1.2e+06           10        5.175    0.0245255   -0.0142789   1.0935e+30       206000 -0.000350197 
     1.2e+06           15        5.175    0.0240891   -0.0209791   1.0935e+30       206000 -0.000505369 
     1.2e+06           20        5.175    0.0219345   -0.0157534   1.0935e+30       206000 -0.000345544 
     1.2e+06           25        5.175     0.024348   0.00449749   1.0935e+30       206000  0.000109505 
     1.2e+06           30        5.175    0.0230672     0.039549   1.0935e+30       206000  0.000912283 
     1.2e+06           35        5.175    0.0243125     0.085735   1.0935e+30       206000   0.00208443 
     1.2e+06           40        5.175    0.0222381     0.124211   1.0935e+30       206000   0.00276222 
     1.2e+06           45        5.175    0.0202285     0.153199   1.0935e+30       206000   0.00309898 
     1.2e+06            5        5.175    0.0234521  -0.00367337   1.0935e+30       206000 -8.61483e-05 
     1.2e+06           50        5.175    0.0183528     0.173793   1.0935e+30       206000    0.0031896 
     1.2e+06           55        5.175     0.017691     0.186749   1.0935e+30       206000   0.00330376 
     1.2e+06           60        5.175    0.0160402     0.193861   1.0935e+30       206000   0.00310957 
     1.2e+06           65        5.175    0.0145642      0.19684   1.0935e+30       206000   0.00286682 
     1.2e+06           70        5.175    0.0122058     0.200273   1.0935e+30       206000    0.0024445 
     1.2e+06           75        5.175    0.0109151     0.201445   1.0935e+30       206000   0.00219879 
     1.2e+06           80        5.175    0.0106283     0.203623   1.0935e+30       206000   0.00216417 
     1.2e+06           85        5.175   0.00862886     0.206166   1.0935e+30       206000   0.00177898 
     1.2e+06           90        5.175   0.00507169     0.207193   1.0935e+30       206000   0.00105082 
     1.2e+06           10        10.35    0.0202237    -0.019592   1.0935e+30       206000 -0.000396222 
     1.2e+06           15        10.35    0.0192322   -0.0350611   1.0935e+30       206000 -0.000674301 
     1.2e+06           20        10.35    0.0164806   -0.0410606   1.0935e+30       206000 -0.000676704 
     1.2e+06           25        10.35    0.0170005   -0.0363897   1.0935e+30       206000 -0.000618643 
     1.2e+06           30        10.35    0.0150982   -0.0245218   1.0935e+30       206000 -0.000370236 
     1.2e+06           35        10.35    0.0153214   0.00091749   1.0935e+30       206000  1.40572e-05 
     1.2e+06           40        10.35    0.0138965    0.0347402   1.0935e+30       206000  0.000482769 
     1.2e+06           45        10.35    0.0125746     0.071547   1.0935e+30       206000  0.000899677 
     1.2e+06            5        10.35    0.0193945  -0.00505499   1.0935e+30       206000 -9.80388e-05 
     1.2e+06           50        10.35    0.0113536     0.111213   1.0935e+30       206000   0.00126267 
     1.2e+06           55        10.35    0.0109036     0.147795   1.0935e+30       206000   0.00161149 
     1.2e+06           60        10.35   0.00985354     0.181011   1.0935e+30       206000    0.0017836 
     1.2e+06           65        10.35   0.00892252     0.204859   1.0935e+30       206000   0.00182786 
     1.2e+06           70        10.35   0.00746927      0.22598   1.0935e+30       206000   0.00168791 
     1.2e+06           75        10.35   0.00668613     0.239374   1.0935e+30       206000   0.00160049 
     1.2e+06           80        10.35   0.00651922     0.244868   1.0935e+30       206000   0.00159635 
     1.2e+06           85        10.35    0.0052676     0.244849   1.0935e+30       206000   0.00128976 
     1.2e+06           90        10.35   0.00306464     0.240696   1.0935e+30       206000  0.000737646 
     1.2e+06           10        9.729    0.0208432    -0.018578   1.0935e+30       206000 -0.000387224 
     1.2e+06           15        9.729    0.0198159   -0.0329826   1.0935e+30       206000 -0.000653581 
     1.2e+06           20        9.729    0.0169721   -0.0379145   1.0935e+30       206000 -0.000643488 
     1.2e+06           25        9.729    0.0174965   -0.0315091   1.0935e+30       206000 -0.000551301 
     1.2e+06           30        9.729    0.0155274   -0.0172546   1.0935e+30       206000 -0.000267919 
     1.2e+06           35        9.729     0.015725    0.0107674   1.0935e+30       206000  0.000169318 
     1.2e+06           40        9.729    0.0142221    0.0463386   1.0935e+30       206000  0.000659035 
     1.2e+06           45        9.729    0.0128327    0.0838673   1.0935e+30       206000   0.00107624 
     1.2e+06            5        9.729     0.019989  -0.00474236   1.0935e+30       206000 -9.47952e-05 
     1.2e+06           50        9.729    0.0115996     0.123556   1.0935e+30       206000   0.00143319 
     1.2e+06           55        9.729    0.0112432     0.159533   1.0935e+30       206000   0.00179366 
     1.2e+06           60        9.729    0.0103108      0.19145   1.0935e+30       206000     0.001974 
     1.2e+06           65        9.729   0.00945382     0.214077   1.0935e+30       206000   0.00202385 
     1.2e+06           70        9.729    0.0079727     0.233943   1.0935e+30       206000   0.00186515 
     1.2e+06           75        9.729   0.00713828     0.246381   1.0935e+30       206000   0.00175874 
     1.2e+06           80        9.729   0.00694969      0.25152   1.0935e+30       206000   0.00174799 
     1.2e+06           85        9.729   0.00561783     0.251436   1.0935e+30       206000   0.00141253 
     1.2e+06           90        9.729   0.00327607     0.247463   1.0935e+30       206000  0.000810708 
     1.2e+06           10        9.315    0.0212943   -0.0181874   1.0935e+30       206000 -0.000387289 
     1.2e+06           15        9.315    0.0202892    -0.031906   1.0935e+30       206000 -0.000647348 
     1.2e+06           20        9.315      0.01745   -0.0359243   1.0935e+30       206000 -0.000626878 
     1.2e+06           25        9.315    0.0180803   -0.0282793   1.0935e+30       206000 -0.000511298 
     1.2e+06           30        9.315     0.016117    -0.012148   1.0935e+30       206000  -0.00019579 
     1.2e+06           35        9.315    0.0163627    0.0175667   1.0935e+30       206000  0.000287439 
     1.2e+06           40        9.315    0.0148034    0.0534081   1.0935e+30       206000   0.00079062 
     1.2e+06           45        9.315    0.0133581    0.0901642   1.0935e+30       206000   0.00120442 
     1.2e+06            5        9.315    0.0204177  -0.00464518   1.0935e+30       206000 -9.48438e-05 
     1.2e+06           50        9.315    0.0120812     0.128138   1.0935e+30       206000   0.00154806 
     1.2e+06           55        9.315    0.0117276     0.162038   1.0935e+30       206000   0.00190031 
     1.2e+06           60        9.315    0.0107782     0.191691   1.0935e+30       206000   0.00206608 
     1.2e+06           65        9.315   0.00990026     0.212523   1.0935e+30       206000   0.00210403 
     1.2e+06           70        9.315   0.00835474      0.23088   1.0935e+30       206000   0.00192894 
     1.2e+06           75        9.315   0.00747417     0.242293   1.0935e+30       206000   0.00181094 
     1.2e+06           80        9.315   0.00726906     0.247165   1.0935e+30       206000   0.00179666 
     1.2e+06           85        9.315   0.00587779     0.247318   1.0935e+30       206000   0.00145368 
     1.2e+06           90        9.315   0.00343332     0.243797   1.0935e+30       206000  0.000837034 
     1.2e+06           10         4.14    0.0247469   -0.0170751   1.0935e+30       206000 -0.000422557 
     1.2e+06           15         4.14    0.0244342   -0.0318299   1.0935e+30       206000 -0.000777738 
     1.2e+06           20         4.14     0.022465   -0.0391617   1.0935e+30       206000 -0.000879765 
     1.2e+06           25         4.14    0.0252287   -0.0351461   1.0935e+30       206000  -0.00088669 
     1.2e+06           30         4.14    0.0241263   -0.0193368   1.0935e+30       206000 -0.000466525 
     1.2e+06           35         4.14    0.0253852   0.00142008   1.0935e+30       206000   3.6049e-05 
     1.2e+06           40         4.14    0.0229626    0.0150846   1.0935e+30       206000   0.00034638 
     1.2e+06           45         4.14     0.020643    0.0221084   1.0935e+30       206000  0.000456383 
     1.2e+06            5         4.14    0.0236529  -0.00422754   1.0935e+30       206000 -9.99937e-05 
     1.2e+06           50         4.14    0.0185531    0.0227708   1.0935e+30       206000   0.00042247 
     1.2e+06           55         4.14    0.0178122    0.0192609   1.0935e+30       206000  0.000343079 
     1.2e+06           60         4.14    0.0161326    0.0132979   1.0935e+30       206000  0.000214531 
     1.2e+06           65         4.14    0.0146319   0.00805159   1.0935e+30       206000   0.00011781 
     1.2e+06           70         4.14    0.0121825   0.00372932   1.0935e+30       206000  4.54326e-05 
     1.2e+06           75         4.14     0.010757    0.0012285   1.0935e+30       206000  1.32149e-05 
     1.2e+06           80         4.14    0.0103473    0.0017808   1.0935e+30       206000  1.84266e-05 
     1.2e+06           85         4.14   0.00835252   0.00486986   1.0935e+30       206000  4.06756e-05 
     1.2e+06           90         4.14   0.00491871   0.00894567   1.0935e+30       206000  4.40012e-05 
