#   Radius[cm]     Phi[deg]   Energy[keV]     I          Q/I        mu[Gcm3]      Mass[cm]        Q      Phi[rad]
     1.3e+06           10         2.07    0.0164282    0.0342551   3.2955e+30       206000  0.000562749  0.174533
     1.3e+06           15         2.07    0.0159836    0.0546045   3.2955e+30       206000  0.000872779  0.261799
     1.3e+06           20         2.07    0.0157815    0.0872967   3.2955e+30       206000   0.00137767  0.349066
     1.3e+06           25         2.07    0.0155876     0.114076   3.2955e+30       206000   0.00177817  0.436332
     1.3e+06           30         2.07    0.0159593     0.136529   3.2955e+30       206000   0.00217892  0.523599
     1.3e+06           35         2.07    0.0149419     0.163097   3.2955e+30       206000   0.00243699  0.610865
     1.3e+06           40         2.07    0.0135299     0.203008   3.2955e+30       206000   0.00274668  0.698132
     1.3e+06           45         2.07    0.0128626     0.225654   3.2955e+30       206000   0.00290249  0.785398
     1.3e+06            5         2.07    0.0157224    0.0103755   3.2955e+30       206000  0.000163129  0.0872665
     1.3e+06           50         2.07    0.0109503      0.26742   3.2955e+30       206000   0.00292833  0.872665
     1.3e+06           55         2.07   0.00998821     0.308394   3.2955e+30       206000    0.0030803  0.959931
     1.3e+06           60         2.07   0.00966152     0.333685   3.2955e+30       206000    0.0032239    1.0472
     1.3e+06           65         2.07   0.00820537     0.335018   3.2955e+30       206000   0.00274894   1.13446
     1.3e+06           70         2.07   0.00742647     0.371381   3.2955e+30       206000   0.00275805   1.22173
     1.3e+06           75         2.07    0.0067517     0.366148   3.2955e+30       206000   0.00247212     1.309
     1.3e+06           80         2.07   0.00494867     0.380209   3.2955e+30       206000   0.00188153   1.39626
     1.3e+06           85         2.07   0.00493347     0.371759   3.2955e+30       206000   0.00183406   1.48353
     1.3e+06           90         2.07   0.00442553     0.341896   3.2955e+30       206000   0.00151307    1.5708
     1.3e+06           10        2.484    0.0215291    0.0330287   3.2955e+30       206000   0.00071108  0.174533
     1.3e+06           15        2.484    0.0208029    0.0497921   3.2955e+30       206000   0.00103582  0.261799
     1.3e+06           20        2.484    0.0202464    0.0768236   3.2955e+30       206000    0.0015554  0.349066
     1.3e+06           25        2.484    0.0196909    0.0975146   3.2955e+30       206000   0.00192015  0.436332
     1.3e+06           30        2.484    0.0198609      0.11253   3.2955e+30       206000   0.00223495  0.523599
     1.3e+06           35        2.484    0.0184325     0.130672   3.2955e+30       206000   0.00240862  0.610865
     1.3e+06           40        2.484    0.0165853     0.159899   3.2955e+30       206000   0.00265197  0.698132
     1.3e+06           45        2.484    0.0156757     0.176741   3.2955e+30       206000   0.00277054  0.785398
     1.3e+06            5        2.484    0.0206169    0.0111829   3.2955e+30       206000  0.000230556  0.0872665
     1.3e+06           50        2.484    0.0132552     0.208916   3.2955e+30       206000   0.00276921  0.872665
     1.3e+06           55        2.484    0.0120199     0.242855   3.2955e+30       206000    0.0029191  0.959931
     1.3e+06           60        2.484    0.0115478     0.264241   3.2955e+30       206000   0.00305139    1.0472
     1.3e+06           65        2.484   0.00974208      0.26579   3.2955e+30       206000   0.00258935   1.13446
     1.3e+06           70        2.484   0.00874764     0.295994   3.2955e+30       206000   0.00258925   1.22173
     1.3e+06           75        2.484    0.0079022     0.293174   3.2955e+30       206000   0.00231672     1.309
     1.3e+06           80        2.484   0.00573616     0.304216   3.2955e+30       206000   0.00174503   1.39626
     1.3e+06           85        2.484     0.005698     0.297499   3.2955e+30       206000   0.00169515   1.48353
     1.3e+06           90        2.484   0.00510826     0.273313   3.2955e+30       206000   0.00139616    1.5708
     1.3e+06           10        3.105    0.0207332    0.0311086   3.2955e+30       206000  0.000644983  0.174533
     1.3e+06           15        3.105    0.0206293    0.0443659   3.2955e+30       206000  0.000915238  0.261799
     1.3e+06           20        3.105    0.0213343    0.0617606   3.2955e+30       206000   0.00131762  0.349066
     1.3e+06           25        3.105    0.0221406    0.0731756   3.2955e+30       206000   0.00162015  0.436332
     1.3e+06           30        3.105    0.0236688    0.0757454   3.2955e+30       206000   0.00179281  0.523599
     1.3e+06           35        3.105    0.0224031    0.0819043   3.2955e+30       206000   0.00183491  0.610865
     1.3e+06           40        3.105    0.0201093    0.0955515   3.2955e+30       206000   0.00192147  0.698132
     1.3e+06           45        3.105     0.018908     0.104455   3.2955e+30       206000   0.00197505  0.785398
     1.3e+06            5        3.105    0.0198032    0.0120576   3.2955e+30       206000  0.000238779  0.0872665
     1.3e+06           50        3.105    0.0159674     0.124043   3.2955e+30       206000   0.00198065  0.872665
     1.3e+06           55        3.105    0.0145572     0.146944   3.2955e+30       206000    0.0021391  0.959931
     1.3e+06           60        3.105    0.0140986     0.162195   3.2955e+30       206000   0.00228673    1.0472
     1.3e+06           65        3.105    0.0119516     0.164657   3.2955e+30       206000   0.00196792   1.13446
     1.3e+06           70        3.105    0.0106726     0.184821   3.2955e+30       206000   0.00197251   1.22173
     1.3e+06           75        3.105   0.00953723     0.184781   3.2955e+30       206000    0.0017623     1.309
     1.3e+06           80        3.105    0.0068102     0.191176   3.2955e+30       206000   0.00130195   1.39626
     1.3e+06           85        3.105   0.00664478     0.186117   3.2955e+30       206000    0.0012367   1.48353
     1.3e+06           90        3.105    0.0058159     0.169858   3.2955e+30       206000  0.000987877    1.5708
     1.3e+06           10        3.726    0.0246616    0.0285223   3.2955e+30       206000  0.000703404  0.174533
     1.3e+06           15        3.726    0.0243692    0.0370942   3.2955e+30       206000  0.000903954  0.261799
     1.3e+06           20        3.726     0.024847    0.0459738   3.2955e+30       206000   0.00114231  0.349066
     1.3e+06           25        3.726    0.0253998    0.0478142   3.2955e+30       206000   0.00121447  0.436332
     1.3e+06           30        3.726    0.0267484    0.0386467   3.2955e+30       206000   0.00103374  0.523599
     1.3e+06           35        3.726    0.0250596     0.032204   3.2955e+30       206000   0.00080702  0.610865
     1.3e+06           40        3.726    0.0222846    0.0308336   3.2955e+30       206000  0.000687112  0.698132
     1.3e+06           45        3.726    0.0207676    0.0320272   3.2955e+30       206000  0.000665129  0.785398
     1.3e+06            5        3.726    0.0235697    0.0126717   3.2955e+30       206000  0.000298669  0.0872665
     1.3e+06           50        3.726    0.0173792    0.0398798   3.2955e+30       206000  0.000693078  0.872665
     1.3e+06           55        3.726    0.0157487    0.0506884   3.2955e+30       206000  0.000798275  0.959931
     1.3e+06           60        3.726    0.0151532    0.0599648   3.2955e+30       206000  0.000908659    1.0472
     1.3e+06           65        3.726      0.01278     0.063537   3.2955e+30       206000  0.000812002   1.13446
     1.3e+06           70        3.726    0.0113958    0.0735038   3.2955e+30       206000  0.000837635   1.22173
     1.3e+06           75        3.726    0.0101985    0.0745023   3.2955e+30       206000  0.000759816     1.309
     1.3e+06           80        3.726   0.00729873    0.0763976   3.2955e+30       206000  0.000557606   1.39626
     1.3e+06           85        3.726   0.00712226    0.0721968   3.2955e+30       206000  0.000514204   1.48353
     1.3e+06           90        3.726    0.0062259    0.0627869   3.2955e+30       206000  0.000390905    1.5708
     1.3e+06           10         4.14    0.0247469    0.0270834   3.2955e+30       206000  0.000670232  0.174533
     1.3e+06           15         4.14    0.0244342    0.0324941   3.2955e+30       206000  0.000793967  0.261799
     1.3e+06           20         4.14    0.0248726    0.0354389   3.2955e+30       206000  0.000881458  0.349066
     1.3e+06           25         4.14    0.0253818    0.0306784   3.2955e+30       206000  0.000778673  0.436332
     1.3e+06           30         4.14    0.0267514    0.0134664   3.2955e+30       206000  0.000360245  0.523599
     1.3e+06           35         4.14    0.0252713  -0.00161148   3.2955e+30       206000 -4.07241e-05  0.610865
     1.3e+06           40         4.14    0.0228187   -0.0130221   3.2955e+30       206000 -0.000297148  0.698132
     1.3e+06           45         4.14    0.0215982   -0.0169179   3.2955e+30       206000 -0.000365396  0.785398
     1.3e+06            5         4.14    0.0236529    0.0129614   3.2955e+30       206000  0.000306575  0.0872665
     1.3e+06           50         4.14     0.018291    -0.016574   3.2955e+30       206000 -0.000303154  0.872665
     1.3e+06           55         4.14     0.016605   -0.0143651   3.2955e+30       206000 -0.000238533  0.959931
     1.3e+06           60         4.14    0.0159726  -0.00910791   3.2955e+30       206000 -0.000145477    1.0472
     1.3e+06           65         4.14     0.013463  -0.00489464   3.2955e+30       206000 -6.58967e-05   1.13446
     1.3e+06           70         4.14    0.0119825  -0.00182789   3.2955e+30       206000 -2.19026e-05   1.22173
     1.3e+06           75         4.14    0.0107003 -0.000936069   3.2955e+30       206000 -1.00162e-05     1.309
     1.3e+06           80         4.14   0.00763263  -0.00188769   3.2955e+30       206000  -1.4408e-05   1.39626
     1.3e+06           85         4.14    0.0074213  -0.00589758   3.2955e+30       206000 -4.37678e-05   1.48353
     1.3e+06           90         4.14   0.00645595   -0.0111793   3.2955e+30       206000 -7.21728e-05    1.5708
     1.3e+06           10        4.554    0.0247424    0.0256367   3.2955e+30       206000  0.000634312  0.174533
     1.3e+06           15        4.554    0.0243642    0.0279552   3.2955e+30       206000  0.000681106  0.261799
     1.3e+06           20        4.554    0.0246644    0.0251283   3.2955e+30       206000  0.000619774  0.349066
     1.3e+06           25        4.554     0.025021    0.0133886   3.2955e+30       206000  0.000334995  0.436332
     1.3e+06           30        4.554    0.0263141   -0.0119619   3.2955e+30       206000 -0.000314768  0.523599
     1.3e+06           35        4.554    0.0251042   -0.0360363   3.2955e+30       206000 -0.000904662  0.610865
     1.3e+06           40        4.554    0.0231279   -0.0576233   3.2955e+30       206000  -0.00133271  0.698132
     1.3e+06           45        4.554    0.0223403   -0.0667153   3.2955e+30       206000  -0.00149044  0.785398
     1.3e+06            5        4.554    0.0236542    0.0131798   3.2955e+30       206000  0.000311757  0.0872665
     1.3e+06           50        4.554    0.0191233   -0.0737608   3.2955e+30       206000  -0.00141055  0.872665
     1.3e+06           55        4.554     0.017217   -0.0804238   3.2955e+30       206000  -0.00138466  0.959931
     1.3e+06           60        4.554    0.0163206   -0.0792769   3.2955e+30       206000  -0.00129384    1.0472
     1.3e+06           65        4.554    0.0136164   -0.0745667   3.2955e+30       206000  -0.00101533   1.13446
     1.3e+06           70        4.554    0.0121559   -0.0783719   3.2955e+30       206000 -0.000952681   1.22173
     1.3e+06           75        4.554     0.010976   -0.0782037   3.2955e+30       206000 -0.000858366     1.309
     1.3e+06           80        4.554   0.00796191   -0.0818707   3.2955e+30       206000 -0.000651848   1.39626
     1.3e+06           85        4.554   0.00775976   -0.0859072   3.2955e+30       206000  -0.00066662   1.48353
     1.3e+06           90        4.554   0.00670602   -0.0873973   3.2955e+30       206000 -0.000586088    1.5708
     1.3e+06           10        5.175    0.0245255    0.0243182   3.2955e+30       206000  0.000596417  0.174533
     1.3e+06           15        5.175    0.0240891    0.0231186   3.2955e+30       206000  0.000556908  0.261799
     1.3e+06           20        5.175    0.0242576     0.014653   3.2955e+30       206000  0.000355447  0.349066
     1.3e+06           25        5.175    0.0244701  -0.00418251   3.2955e+30       206000 -0.000102346  0.436332
     1.3e+06           30        5.175    0.0255699   -0.0377963   3.2955e+30       206000 -0.000966448  0.523599
     1.3e+06           35        5.175    0.0242278   -0.0714542   3.2955e+30       206000  -0.00173118  0.610865
     1.3e+06           40        5.175    0.0221302     -0.10434   3.2955e+30       206000  -0.00230905  0.698132
     1.3e+06           45        5.175    0.0212033    -0.119771   3.2955e+30       206000  -0.00253955  0.785398
     1.3e+06            5        5.175    0.0234521    0.0134006   3.2955e+30       206000  0.000314273  0.0872665
     1.3e+06           50        5.175    0.0181315    -0.135453   3.2955e+30       206000  -0.00245596  0.872665
     1.3e+06           55        5.175    0.0164981    -0.152872   3.2955e+30       206000  -0.00252209  0.959931
     1.3e+06           60        5.175     0.015885    -0.157099   3.2955e+30       206000  -0.00249551    1.0472
     1.3e+06           65        5.175     0.013423    -0.152511   3.2955e+30       206000  -0.00204715   1.13446
     1.3e+06           70        5.175    0.0120526    -0.164273   3.2955e+30       206000  -0.00197992   1.22173
     1.3e+06           75        5.175    0.0108757     -0.16594   3.2955e+30       206000  -0.00180471     1.309
     1.3e+06           80        5.175   0.00788131    -0.172344   3.2955e+30       206000   -0.0013583   1.39626
     1.3e+06           85        5.175   0.00766936    -0.176522   3.2955e+30       206000  -0.00135381   1.48353
     1.3e+06           90        5.175   0.00661221    -0.174054   3.2955e+30       206000  -0.00115088    1.5708
     1.3e+06           10        5.796    0.0247286    0.0253616   3.2955e+30       206000  0.000627156  0.174533
     1.3e+06           15        5.796    0.0241111    0.0249976   3.2955e+30       206000  0.000602719  0.261799
     1.3e+06           20        5.796    0.0239126    0.0176165   3.2955e+30       206000  0.000421256  0.349066
     1.3e+06           25        5.796    0.0237322  0.000466066   3.2955e+30       206000  1.10608e-05  0.436332
     1.3e+06           30        5.796    0.0243863   -0.0309498   3.2955e+30       206000 -0.000754751  0.523599
     1.3e+06           35        5.796    0.0228069   -0.0635911   3.2955e+30       206000  -0.00145031  0.610865
     1.3e+06           40        5.796    0.0205578   -0.0967343   3.2955e+30       206000  -0.00198865  0.698132
     1.3e+06           45        5.796    0.0194554    -0.114229   3.2955e+30       206000  -0.00222237  0.785398
     1.3e+06            5        5.796    0.0236617     0.013563   3.2955e+30       206000  0.000320923  0.0872665
     1.3e+06           50        5.796    0.0165922    -0.132423   3.2955e+30       206000  -0.00219719  0.872665
     1.3e+06           55        5.796     0.015304    -0.152605   3.2955e+30       206000  -0.00233547  0.959931
     1.3e+06           60        5.796    0.0150371    -0.159715   3.2955e+30       206000  -0.00240165    1.0472
     1.3e+06           65        5.796    0.0129224    -0.157549   3.2955e+30       206000  -0.00203591   1.13446
     1.3e+06           70        5.796    0.0117097    -0.171072   3.2955e+30       206000   -0.0020032   1.22173
     1.3e+06           75        5.796    0.0105795    -0.174183   3.2955e+30       206000  -0.00184277     1.309
     1.3e+06           80        5.796   0.00768121    -0.180761   3.2955e+30       206000  -0.00138846   1.39626
     1.3e+06           85        5.796    0.0074459    -0.184641   3.2955e+30       206000  -0.00137482   1.48353
     1.3e+06           90        5.796   0.00636309    -0.181258   3.2955e+30       206000  -0.00115336    1.5708
     1.3e+06           10         6.21    0.0243344    0.0257887   3.2955e+30       206000  0.000627554  0.174533
     1.3e+06           15         6.21    0.0236767    0.0260659   3.2955e+30       206000  0.000617156  0.261799
     1.3e+06           20         6.21     0.023379    0.0195907   3.2955e+30       206000  0.000458011  0.349066
     1.3e+06           25         6.21    0.0230935   0.00351308   3.2955e+30       206000  8.11295e-05  0.436332
     1.3e+06           30         6.21    0.0235931   -0.0265009   3.2955e+30       206000 -0.000625239  0.523599
     1.3e+06           35         6.21    0.0219043   -0.0582446   3.2955e+30       206000  -0.00127581  0.610865
     1.3e+06           40         6.21     0.019549   -0.0915397   3.2955e+30       206000  -0.00178951  0.698132
     1.3e+06           45         6.21     0.018323    -0.110358   3.2955e+30       206000  -0.00202209  0.785398
     1.3e+06            5         6.21    0.0232889    0.0136554   3.2955e+30       206000  0.000318019  0.0872665
     1.3e+06           50         6.21    0.0155662     -0.13034   3.2955e+30       206000  -0.00202889  0.872665
     1.3e+06           55         6.21    0.0144551    -0.152462   3.2955e+30       206000  -0.00220385  0.959931
     1.3e+06           60         6.21    0.0143552    -0.161513   3.2955e+30       206000  -0.00231857    1.0472
     1.3e+06           65         6.21    0.0124411    -0.160957   3.2955e+30       206000  -0.00200249   1.13446
     1.3e+06           70         6.21    0.0113069    -0.175608   3.2955e+30       206000  -0.00198558   1.22173
     1.3e+06           75         6.21    0.0101992    -0.179775   3.2955e+30       206000  -0.00183355     1.309
     1.3e+06           80         6.21   0.00738709    -0.186422   3.2955e+30       206000  -0.00137711   1.39626
     1.3e+06           85         6.21   0.00717027     -0.19005   3.2955e+30       206000  -0.00136271   1.48353
     1.3e+06           90         6.21   0.00615348    -0.185981   3.2955e+30       206000  -0.00114443    1.5708
     1.3e+06           10        6.831    0.0237824     0.026398   3.2955e+30       206000  0.000627809  0.174533
     1.3e+06           15        6.831    0.0230746     0.027792   3.2955e+30       206000  0.000641289  0.261799
     1.3e+06           20        6.831    0.0226508    0.0225143   3.2955e+30       206000  0.000509968  0.349066
     1.3e+06           25        6.831    0.0222335   0.00809195   3.2955e+30       206000  0.000179913  0.436332
     1.3e+06           30        6.831     0.022538   -0.0196755   3.2955e+30       206000 -0.000443447  0.523599
     1.3e+06           35        6.831    0.0207164   -0.0500206   3.2955e+30       206000  -0.00103625  0.610865
     1.3e+06           40        6.831    0.0182369   -0.0835124   3.2955e+30       206000  -0.00152301  0.698132
     1.3e+06           45        6.831    0.0168669    -0.104359   3.2955e+30       206000  -0.00176021  0.785398
     1.3e+06            5        6.831    0.0227663    0.0137842   3.2955e+30       206000  0.000313816  0.0872665
     1.3e+06           50        6.831    0.0142522     -0.12725   3.2955e+30       206000  -0.00181359  0.872665
     1.3e+06           55        6.831    0.0133594    -0.152132   3.2955e+30       206000   -0.0020324  0.959931
     1.3e+06           60        6.831    0.0134643    -0.164268   3.2955e+30       206000  -0.00221174    1.0472
     1.3e+06           65        6.831    0.0118057    -0.166152   3.2955e+30       206000  -0.00196155   1.13446
     1.3e+06           70        6.831    0.0107729    -0.182586   3.2955e+30       206000  -0.00196698   1.22173
     1.3e+06           75        6.831   0.00969598    -0.188148   3.2955e+30       206000  -0.00182428     1.309
     1.3e+06           80        6.831   0.00699907    -0.194938   3.2955e+30       206000  -0.00136439   1.39626
     1.3e+06           85        6.831   0.00677006    -0.198138   3.2955e+30       206000  -0.00134141   1.48353
     1.3e+06           90        6.831   0.00578344    -0.193001   3.2955e+30       206000  -0.00111621    1.5708
     1.3e+06           10        7.659    0.0231297    0.0269627   3.2955e+30       206000   0.00062364  0.174533
     1.3e+06           15        7.659    0.0222944    0.0302347   3.2955e+30       206000  0.000674064  0.261799
     1.3e+06           20        7.659    0.0215859    0.0264762   3.2955e+30       206000  0.000571513  0.349066
     1.3e+06           25        7.659    0.0208768     0.014334   3.2955e+30       206000  0.000299248  0.436332
     1.3e+06           30        7.659    0.0209681   -0.0106011   3.2955e+30       206000 -0.000222284  0.523599
     1.3e+06           35        7.659    0.0194849   -0.0391624   3.2955e+30       206000 -0.000763077  0.610865
     1.3e+06           40        7.659    0.0176264   -0.0728125   3.2955e+30       206000  -0.00128342  0.698132
     1.3e+06           45        7.659    0.0167616    -0.096072   3.2955e+30       206000  -0.00161032  0.785398
     1.3e+06            5        7.659    0.0221545    0.0139277   3.2955e+30       206000  0.000308562  0.0872665
     1.3e+06           50        7.659    0.0143617    -0.123136   3.2955e+30       206000  -0.00176843  0.872665
     1.3e+06           55        7.659     0.013283    -0.151396   3.2955e+30       206000  -0.00201099  0.959931
     1.3e+06           60        7.659    0.0130883    -0.167826   3.2955e+30       206000  -0.00219656    1.0472
     1.3e+06           65        7.659    0.0112616     -0.17325   3.2955e+30       206000  -0.00195108   1.13446
     1.3e+06           70        7.659    0.0101633    -0.191922   3.2955e+30       206000  -0.00195056   1.22173
     1.3e+06           75        7.659   0.00912356    -0.199267   3.2955e+30       206000  -0.00181802     1.309
     1.3e+06           80        7.659   0.00655992    -0.206319   3.2955e+30       206000  -0.00135344   1.39626
     1.3e+06           85        7.659   0.00631173    -0.208865   3.2955e+30       206000   -0.0013183   1.48353
     1.3e+06           90        7.659   0.00535004    -0.202127   3.2955e+30       206000  -0.00108139    1.5708
     1.3e+06           10         8.28    0.0226916    0.0275301   3.2955e+30       206000  0.000624701  0.174533
     1.3e+06           15         8.28    0.0217353    0.0319968   3.2955e+30       206000   0.00069546  0.261799
     1.3e+06           20         8.28    0.0207686    0.0294378   3.2955e+30       206000  0.000611382  0.349066
     1.3e+06           25         8.28    0.0198022    0.0190583   3.2955e+30       206000  0.000377398  0.436332
     1.3e+06           30         8.28     0.019631  -0.00358671   3.2955e+30       206000 -7.04105e-05  0.523599
     1.3e+06           35         8.28    0.0181483   -0.0305763   3.2955e+30       206000 -0.000554906  0.610865
     1.3e+06           40         8.28    0.0164045   -0.0643478   3.2955e+30       206000   -0.0010556  0.698132
     1.3e+06           45         8.28    0.0155966   -0.0896011   3.2955e+30       206000  -0.00139747  0.785398
     1.3e+06            5         8.28    0.0217471    0.0139989   3.2955e+30       206000  0.000304435  0.0872665
     1.3e+06           50         8.28    0.0133476    -0.119777   3.2955e+30       206000  -0.00159874  0.872665
     1.3e+06           55         8.28    0.0123163    -0.150683   3.2955e+30       206000  -0.00185585  0.959931
     1.3e+06           60         8.28    0.0120984    -0.170339   3.2955e+30       206000  -0.00206083    1.0472
     1.3e+06           65         8.28    0.0103865    -0.178515   3.2955e+30       206000  -0.00185415   1.13446
     1.3e+06           70         8.28    0.0093751    -0.198985   3.2955e+30       206000   -0.0018655   1.22173
     1.3e+06           75         8.28   0.00843046    -0.207603   3.2955e+30       206000  -0.00175019     1.309
     1.3e+06           80         8.28   0.00607743    -0.214756   3.2955e+30       206000  -0.00130517   1.39626
     1.3e+06           85         8.28   0.00587236    -0.216769   3.2955e+30       206000  -0.00127295   1.48353
     1.3e+06           90         8.28   0.00501062    -0.208706   3.2955e+30       206000  -0.00104575    1.5708
     1.3e+06           10        8.694    0.0221386    0.0280027   3.2955e+30       206000  0.000619942  0.174533
     1.3e+06           15        8.694    0.0211549    0.0331531   3.2955e+30       206000  0.000701353  0.261799
     1.3e+06           20        8.694     0.020112     0.031436   3.2955e+30       206000  0.000632241  0.349066
     1.3e+06           25        8.694    0.0190715     0.022218   3.2955e+30       206000  0.000423732  0.436332
     1.3e+06           30        8.694    0.0188118   0.00110384   3.2955e+30       206000  2.07652e-05  0.523599
     1.3e+06           35        8.694     0.017356   -0.0247585   3.2955e+30       206000 -0.000429707  0.610865
     1.3e+06           40        8.694    0.0156832   -0.0585503   3.2955e+30       206000 -0.000918255  0.698132
     1.3e+06           45        8.694    0.0149088    -0.085157   3.2955e+30       206000  -0.00126959  0.785398
     1.3e+06            5        8.694    0.0212217      0.01402   3.2955e+30       206000  0.000297528  0.0872665
     1.3e+06           50        8.694     0.012747    -0.117419   3.2955e+30       206000  -0.00149674  0.872665
     1.3e+06           55        8.694      0.01174     -0.15015   3.2955e+30       206000  -0.00176275  0.959931
     1.3e+06           60        8.694    0.0115036    -0.171977   3.2955e+30       206000  -0.00197835    1.0472
     1.3e+06           65        8.694    0.0098575    -0.182005   3.2955e+30       206000  -0.00179411   1.13446
     1.3e+06           70        8.694   0.00889598    -0.203663   3.2955e+30       206000  -0.00181178   1.22173
     1.3e+06           75        8.694   0.00800766    -0.213119   3.2955e+30       206000  -0.00170658     1.309
     1.3e+06           80        8.694   0.00578146    -0.220383   3.2955e+30       206000  -0.00127414   1.39626
     1.3e+06           85        8.694   0.00560168     -0.22198   3.2955e+30       206000  -0.00124346   1.48353
     1.3e+06           90        8.694   0.00480056     -0.21298   3.2955e+30       206000  -0.00102242    1.5708
     1.3e+06           10        9.315    0.0212943    0.0285792   3.2955e+30       206000  0.000608575  0.174533
     1.3e+06           15        9.315    0.0202892    0.0349384   3.2955e+30       206000  0.000708871  0.261799
     1.3e+06           20        9.315    0.0191709    0.0344963   3.2955e+30       206000  0.000661326  0.349066
     1.3e+06           25        9.315    0.0180586    0.0269487   3.2955e+30       206000  0.000486658  0.436332
     1.3e+06           30        9.315    0.0177042   0.00821732   3.2955e+30       206000  0.000145481  0.523599
     1.3e+06           35        9.315    0.0162939   -0.0159001   3.2955e+30       206000 -0.000259075  0.610865
     1.3e+06           40        9.315    0.0147173   -0.0497472   3.2955e+30       206000 -0.000732143  0.698132
     1.3e+06           45        9.315     0.013988   -0.0782691   3.2955e+30       206000  -0.00109483  0.785398
     1.3e+06            5        9.315    0.0204177    0.0140119   3.2955e+30       206000  0.000286091  0.0872665
     1.3e+06           50        9.315    0.0119438    -0.113782   3.2955e+30       206000    -0.001359  0.872665
     1.3e+06           55        9.315    0.0109711    -0.149209   3.2955e+30       206000  -0.00163698  0.959931
     1.3e+06           60        9.315    0.0107124    -0.174436   3.2955e+30       206000  -0.00186864    1.0472
     1.3e+06           65        9.315   0.00915532    -0.187221   3.2955e+30       206000  -0.00171406   1.13446
     1.3e+06           70        9.315   0.00826018    -0.210676   3.2955e+30       206000  -0.00174023   1.22173
     1.3e+06           75        9.315   0.00744594    -0.221294   3.2955e+30       206000  -0.00164774     1.309
     1.3e+06           80        9.315   0.00538751    -0.228751   3.2955e+30       206000   -0.0012324   1.39626
     1.3e+06           85        9.315   0.00520812    -0.229717   3.2955e+30       206000   -0.0011964   1.48353
     1.3e+06           90        9.315   0.00443693    -0.219325   3.2955e+30       206000  -0.00097313    1.5708
     1.3e+06           10        9.729    0.0208432    0.0291201   3.2955e+30       206000  0.000606955  0.174533
     1.3e+06           15        9.729    0.0198159    0.0360216   3.2955e+30       206000  0.000713802  0.261799
     1.3e+06           20        9.729    0.0186371    0.0364587   3.2955e+30       206000  0.000679483  0.349066
     1.3e+06           25        9.729    0.0174676    0.0301543   3.2955e+30       206000  0.000526725  0.436332
     1.3e+06           30        9.729    0.0170458    0.0130081   3.2955e+30       206000  0.000221733  0.523599
     1.3e+06           35        9.729    0.0156587  -0.00989702   3.2955e+30       206000 -0.000154975  0.610865
     1.3e+06           40        9.729    0.0141393   -0.0437245   3.2955e+30       206000 -0.000618235  0.698132
     1.3e+06           45        9.729    0.0134371   -0.0735539   3.2955e+30       206000 -0.000988351  0.785398
     1.3e+06            5        9.729     0.019989    0.0139703   3.2955e+30       206000  0.000279252  0.0872665
     1.3e+06           50        9.729    0.0114639    -0.111314   3.2955e+30       206000  -0.00127609  0.872665
     1.3e+06           55        9.729    0.0105125    -0.148513   3.2955e+30       206000  -0.00156125  0.959931
     1.3e+06           60        9.729     0.010242     -0.17593   3.2955e+30       206000  -0.00180188    1.0472
     1.3e+06           65        9.729    0.0087387     -0.19066   3.2955e+30       206000  -0.00166612   1.13446
     1.3e+06           70        9.729   0.00788303    -0.215314   3.2955e+30       206000  -0.00169733   1.22173
     1.3e+06           75        9.729   0.00711234    -0.226704   3.2955e+30       206000   -0.0016124     1.309
     1.3e+06           80        9.729   0.00515313      -0.2343   3.2955e+30       206000  -0.00120738   1.39626
     1.3e+06           85        9.729   0.00497443    -0.234812   3.2955e+30       206000  -0.00116805   1.48353
     1.3e+06           90        9.729   0.00422207    -0.223461   3.2955e+30       206000 -0.000943468    1.5708
     1.3e+06           10        10.35    0.0202237    0.0307274   3.2955e+30       206000  0.000621421  0.174533
     1.3e+06           15        10.35    0.0192322    0.0383985   3.2955e+30       206000  0.000738487  0.261799
     1.3e+06           20        10.35    0.0180984    0.0396257   3.2955e+30       206000  0.000717163  0.349066
     1.3e+06           25        10.35    0.0169734    0.0349843   3.2955e+30       206000  0.000593802  0.436332
     1.3e+06           30        10.35    0.0165802    0.0199057   3.2955e+30       206000  0.000330041  0.523599
     1.3e+06           35        10.35    0.0152605  -0.00108115   3.2955e+30       206000 -1.64989e-05  0.610865
     1.3e+06           40        10.35    0.0138204   -0.0335769   3.2955e+30       206000 -0.000464045  0.698132
     1.3e+06           45        10.35    0.0131692    -0.063774   3.2955e+30       206000  -0.00083985  0.785398
     1.3e+06            5        10.35    0.0193945    0.0148864   3.2955e+30       206000  0.000288715  0.0872665
     1.3e+06           50        10.35    0.0112016    -0.102322   3.2955e+30       206000  -0.00114617  0.872665
     1.3e+06           55        10.35    0.0101599    -0.139808   3.2955e+30       206000  -0.00142043  0.959931
     1.3e+06           60        10.35   0.00974984    -0.168734   3.2955e+30       206000  -0.00164513    1.0472
     1.3e+06           65        10.35   0.00821775    -0.185359   3.2955e+30       206000  -0.00152324   1.13446
     1.3e+06           70        10.35    0.0073758    -0.210597   3.2955e+30       206000  -0.00155332   1.22173
     1.3e+06           75        10.35   0.00666319     -0.22254   3.2955e+30       206000  -0.00148282     1.309
     1.3e+06           80        10.35   0.00483705    -0.230326   3.2955e+30       206000   -0.0011141   1.39626
     1.3e+06           85        10.35   0.00465984    -0.230518   3.2955e+30       206000  -0.00107418   1.48353
     1.3e+06           90        10.35   0.00393415    -0.218857   3.2955e+30       206000 -0.000861015    1.5708
