#   Radius[cm]     Phi[deg]   Energy[keV]     I          Q/I        mu[Gcm3]      Mass[cm]        Q      Phi[rad]
     1.3e+06           10         2.07    0.0164282   -0.0239858   1.0935e+30       206000 -0.000394043  0.174533
     1.3e+06           15         2.07    0.0159836   -0.0585823   1.0935e+30       206000 -0.000936359  0.261799
     1.3e+06           20         2.07    0.0157815    -0.100571   1.0935e+30       206000  -0.00158716  0.349066
     1.3e+06           25         2.07    0.0155876    -0.137061   1.0935e+30       206000  -0.00213646  0.436332
     1.3e+06           30         2.07    0.0159593    -0.173762   1.0935e+30       206000  -0.00277313  0.523599
     1.3e+06           35         2.07    0.0149419     -0.21268   1.0935e+30       206000  -0.00317785  0.610865
     1.3e+06           40         2.07    0.0135299    -0.258777   1.0935e+30       206000  -0.00350123  0.698132
     1.3e+06           45         2.07    0.0128626    -0.307457   1.0935e+30       206000  -0.00395469  0.785398
     1.3e+06            5         2.07    0.0157224  -0.00561515   1.0935e+30       206000 -8.82838e-05  0.0872665
     1.3e+06           50         2.07    0.0109503    -0.357524   1.0935e+30       206000    -0.003915  0.872665
     1.3e+06           55         2.07   0.00998821    -0.394742   1.0935e+30       206000  -0.00394277  0.959931
     1.3e+06           60         2.07   0.00966152     -0.42913   1.0935e+30       206000  -0.00414605    1.0472
     1.3e+06           65         2.07   0.00820537    -0.453247   1.0935e+30       206000  -0.00371906   1.13446
     1.3e+06           70         2.07   0.00742647    -0.469844   1.0935e+30       206000  -0.00348928   1.22173
     1.3e+06           75         2.07    0.0067517    -0.477391   1.0935e+30       206000   -0.0032232     1.309
     1.3e+06           80         2.07   0.00494867    -0.479185   1.0935e+30       206000  -0.00237133   1.39626
     1.3e+06           85         2.07   0.00493347    -0.468968   1.0935e+30       206000  -0.00231364   1.48353
     1.3e+06           90         2.07   0.00442553    -0.448202   1.0935e+30       206000  -0.00198353    1.5708
     1.3e+06           10        2.484    0.0215291   -0.0225504   1.0935e+30       206000 -0.000485492  0.174533
     1.3e+06           15        2.484    0.0208029   -0.0530329   1.0935e+30       206000  -0.00110324  0.261799
     1.3e+06           20        2.484    0.0202464   -0.0880607   1.0935e+30       206000  -0.00178291  0.349066
     1.3e+06           25        2.484    0.0196909    -0.116387   1.0935e+30       206000  -0.00229176  0.436332
     1.3e+06           30        2.484    0.0198609    -0.141898   1.0935e+30       206000  -0.00281822  0.523599
     1.3e+06           35        2.484    0.0184325    -0.169537   1.0935e+30       206000  -0.00312499  0.610865
     1.3e+06           40        2.484    0.0165853    -0.203669   1.0935e+30       206000  -0.00337791  0.698132
     1.3e+06           45        2.484    0.0156757     -0.24139   1.0935e+30       206000  -0.00378395  0.785398
     1.3e+06            5        2.484    0.0206169  -0.00532916   1.0935e+30       206000 -0.000109871  0.0872665
     1.3e+06           50        2.484    0.0132552    -0.281584   1.0935e+30       206000  -0.00373245  0.872665
     1.3e+06           55        2.484    0.0120199    -0.312111   1.0935e+30       206000  -0.00375155  0.959931
     1.3e+06           60        2.484    0.0115478    -0.340939   1.0935e+30       206000  -0.00393708    1.0472
     1.3e+06           65        2.484   0.00974208    -0.361299   1.0935e+30       206000   -0.0035198   1.13446
     1.3e+06           70        2.484   0.00874764    -0.375401   1.0935e+30       206000  -0.00328388   1.22173
     1.3e+06           75        2.484    0.0079022    -0.381668   1.0935e+30       206000  -0.00301602     1.309
     1.3e+06           80        2.484   0.00573616    -0.382898   1.0935e+30       206000  -0.00219637   1.39626
     1.3e+06           85        2.484     0.005698    -0.373755   1.0935e+30       206000  -0.00212966   1.48353
     1.3e+06           90        2.484   0.00510826    -0.355779   1.0935e+30       206000  -0.00181741    1.5708
     1.3e+06           10        8.694    0.0221386   -0.0174748   1.0935e+30       206000 -0.000386867  0.174533
     1.3e+06           15        8.694    0.0211549   -0.0302159   1.0935e+30       206000 -0.000639216  0.261799
     1.3e+06           20        8.694     0.020112    -0.032152   1.0935e+30       206000 -0.000646642  0.349066
     1.3e+06           25        8.694    0.0190715   -0.0221405   1.0935e+30       206000 -0.000422253  0.436332
     1.3e+06           30        8.694    0.0188118   0.00154485   1.0935e+30       206000  2.90613e-05  0.523599
     1.3e+06           35        8.694     0.017356    0.0307605   1.0935e+30       206000  0.000533878  0.610865
     1.3e+06           40        8.694    0.0156832    0.0681452   1.0935e+30       206000   0.00106873  0.698132
     1.3e+06           45        8.694    0.0149088     0.105633   1.0935e+30       206000   0.00157486  0.785398
     1.3e+06            5        8.694    0.0212217  -0.00446496   1.0935e+30       206000  -9.4754e-05  0.0872665
     1.3e+06           50        8.694     0.012747     0.144914   1.0935e+30       206000   0.00184722  0.872665
     1.3e+06           55        8.694      0.01174     0.172431   1.0935e+30       206000   0.00202433  0.959931
     1.3e+06           60        8.694    0.0115036     0.198021   1.0935e+30       206000   0.00227795    1.0472
     1.3e+06           65        8.694    0.0098575     0.216678   1.0935e+30       206000   0.00213591   1.13446
     1.3e+06           70        8.694   0.00889598      0.22992   1.0935e+30       206000   0.00204536   1.22173
     1.3e+06           75        8.694   0.00800766     0.237045   1.0935e+30       206000   0.00189817     1.309
     1.3e+06           80        8.694   0.00578146     0.241116   1.0935e+30       206000     0.001394   1.39626
     1.3e+06           85        8.694   0.00560168     0.239575   1.0935e+30       206000   0.00134203   1.48353
     1.3e+06           90        8.694   0.00480056     0.230991   1.0935e+30       206000   0.00110888    1.5708
     1.3e+06           10        4.554    0.0247424   -0.0155074   1.0935e+30       206000  -0.00038369  0.174533
     1.3e+06           15        4.554    0.0243642   -0.0263103   1.0935e+30       206000 -0.000641029  0.261799
     1.3e+06           20        4.554    0.0246644   -0.0266773   1.0935e+30       206000 -0.000657977  0.349066
     1.3e+06           25        4.554     0.025021   -0.0136045   1.0935e+30       206000 -0.000340398  0.436332
     1.3e+06           30        4.554    0.0263141    0.0170405   1.0935e+30       206000  0.000448405  0.523599
     1.3e+06           35        4.554    0.0251042    0.0458529   1.0935e+30       206000    0.0011511  0.610865
     1.3e+06           40        4.554    0.0231279    0.0715705   1.0935e+30       206000   0.00165528  0.698132
     1.3e+06           45        4.554    0.0223403    0.0884657   1.0935e+30       206000   0.00197635  0.785398
     1.3e+06            5        4.554    0.0236542   -0.0038992   1.0935e+30       206000 -9.22323e-05  0.0872665
     1.3e+06           50        4.554    0.0191233    0.0976951   1.0935e+30       206000   0.00186825  0.872665
     1.3e+06           55        4.554     0.017217     0.100701   1.0935e+30       206000   0.00173377  0.959931
     1.3e+06           60        4.554    0.0163206    0.0997625   1.0935e+30       206000   0.00162818    1.0472
     1.3e+06           65        4.554    0.0136164    0.0981726   1.0935e+30       206000   0.00133675   1.13446
     1.3e+06           70        4.554    0.0121559    0.0966724   1.0935e+30       206000   0.00117514   1.22173
     1.3e+06           75        4.554     0.010976    0.0968892   1.0935e+30       206000   0.00106346     1.309
     1.3e+06           80        4.554   0.00796191    0.0985819   1.0935e+30       206000  0.000784901   1.39626
     1.3e+06           85        4.554   0.00775976     0.102293   1.0935e+30       206000   0.00079377   1.48353
     1.3e+06           90        4.554   0.00670602     0.106324   1.0935e+30       206000  0.000713012    1.5708
     1.3e+06           10         6.21    0.0243344    -0.015124   1.0935e+30       206000 -0.000368033  0.174533
     1.3e+06           15         6.21    0.0236767   -0.0236886   1.0935e+30       206000 -0.000560869  0.261799
     1.3e+06           20         6.21     0.023379   -0.0195691   1.0935e+30       206000 -0.000457506  0.349066
     1.3e+06           25         6.21    0.0230935  -0.00157478   1.0935e+30       206000 -3.63672e-05  0.436332
     1.3e+06           30         6.21    0.0235931    0.0347632   1.0935e+30       206000  0.000820173  0.523599
     1.3e+06           35         6.21    0.0219043    0.0717661   1.0935e+30       206000   0.00157198  0.610865
     1.3e+06           40         6.21     0.019549     0.110039   1.0935e+30       206000   0.00215115  0.698132
     1.3e+06           45         6.21     0.018323     0.141687   1.0935e+30       206000   0.00259614  0.785398
     1.3e+06            5         6.21    0.0232889  -0.00387734   1.0935e+30       206000  -9.0299e-05  0.0872665
     1.3e+06           50         6.21    0.0155662     0.168196   1.0935e+30       206000   0.00261817  0.872665
     1.3e+06           55         6.21    0.0144551     0.184077   1.0935e+30       206000   0.00266084  0.959931
     1.3e+06           60         6.21    0.0143552     0.195829   1.0935e+30       206000   0.00281118    1.0472
     1.3e+06           65         6.21    0.0124411     0.203581   1.0935e+30       206000   0.00253278   1.13446
     1.3e+06           70         6.21    0.0113069     0.208717   1.0935e+30       206000   0.00235994   1.22173
     1.3e+06           75         6.21    0.0101992     0.212135   1.0935e+30       206000   0.00216359     1.309
     1.3e+06           80         6.21   0.00738709     0.215029   1.0935e+30       206000   0.00158844   1.39626
     1.3e+06           85         6.21   0.00717027     0.216251   1.0935e+30       206000   0.00155058   1.48353
     1.3e+06           90         6.21   0.00615348     0.214151   1.0935e+30       206000   0.00131777    1.5708
     1.3e+06           10         8.28    0.0226916   -0.0170828   1.0935e+30       206000 -0.000387635  0.174533
     1.3e+06           15         8.28    0.0217353   -0.0291353   1.0935e+30       206000 -0.000633266  0.261799
     1.3e+06           20         8.28    0.0207686   -0.0300713   1.0935e+30       206000  -0.00062454  0.349066
     1.3e+06           25         8.28    0.0198022   -0.0187408   1.0935e+30       206000  -0.00037111  0.436332
     1.3e+06           30         8.28     0.019631   0.00706406   1.0935e+30       206000  0.000138674  0.523599
     1.3e+06           35         8.28    0.0181483    0.0376269   1.0935e+30       206000  0.000682863  0.610865
     1.3e+06           40         8.28    0.0164045    0.0751597   1.0935e+30       206000   0.00123296  0.698132
     1.3e+06           45         8.28    0.0155966      0.11167   1.0935e+30       206000   0.00174167  0.785398
     1.3e+06            5         8.28    0.0217471  -0.00436702   1.0935e+30       206000   -9.497e-05  0.0872665
     1.3e+06           50         8.28    0.0133476     0.148806   1.0935e+30       206000    0.0019862  0.872665
     1.3e+06           55         8.28    0.0123163      0.17438   1.0935e+30       206000   0.00214771  0.959931
     1.3e+06           60         8.28    0.0120984     0.197665   1.0935e+30       206000   0.00239142    1.0472
     1.3e+06           65         8.28    0.0103865     0.214497   1.0935e+30       206000   0.00222788   1.13446
     1.3e+06           70         8.28    0.0093751     0.226381   1.0935e+30       206000   0.00212235   1.22173
     1.3e+06           75         8.28   0.00843046      0.23289   1.0935e+30       206000   0.00196337     1.309
     1.3e+06           80         8.28   0.00607743     0.236768   1.0935e+30       206000   0.00143894   1.39626
     1.3e+06           85         8.28   0.00587236     0.235693   1.0935e+30       206000   0.00138408   1.48353
     1.3e+06           90         8.28   0.00501062     0.228202   1.0935e+30       206000   0.00114343    1.5708
     1.3e+06           10        7.659    0.0231297   -0.0164984   1.0935e+30       206000 -0.000381604  0.174533
     1.3e+06           15        7.659    0.0222944   -0.0275156   1.0935e+30       206000 -0.000613443  0.261799
     1.3e+06           20        7.659    0.0215859   -0.0269269   1.0935e+30       206000  -0.00058124  0.349066
     1.3e+06           25        7.659    0.0208768   -0.0135848   1.0935e+30       206000 -0.000283606  0.436332
     1.3e+06           30        7.659    0.0209681    0.0154053   1.0935e+30       206000  0.000323021  0.523599
     1.3e+06           35        7.659    0.0194849    0.0479379   1.0935e+30       206000  0.000934067  0.610865
     1.3e+06           40        7.659    0.0176264    0.0856817   1.0935e+30       206000   0.00151026  0.698132
     1.3e+06           45        7.659    0.0167616     0.120725   1.0935e+30       206000   0.00202353  0.785398
     1.3e+06            5        7.659    0.0221545  -0.00422012   1.0935e+30       206000 -9.34947e-05  0.0872665
     1.3e+06           50        7.659    0.0143617     0.154635   1.0935e+30       206000   0.00222081  0.872665
     1.3e+06           55        7.659     0.013283     0.177294   1.0935e+30       206000     0.002355  0.959931
     1.3e+06           60        7.659    0.0130883     0.197121   1.0935e+30       206000   0.00257999    1.0472
     1.3e+06           65        7.659    0.0112616     0.211221   1.0935e+30       206000   0.00237869   1.13446
     1.3e+06           70        7.659    0.0101633     0.221074   1.0935e+30       206000   0.00224685   1.22173
     1.3e+06           75        7.659   0.00912356      0.22666   1.0935e+30       206000   0.00206794     1.309
     1.3e+06           80        7.659   0.00655992     0.230245   1.0935e+30       206000   0.00151039   1.39626
     1.3e+06           85        7.659   0.00631173     0.229867   1.0935e+30       206000   0.00145086   1.48353
     1.3e+06           90        7.659   0.00535004     0.224011   1.0935e+30       206000   0.00119847    1.5708
     1.3e+06           10        3.726    0.0246616   -0.0183527   1.0935e+30       206000 -0.000452606  0.174533
     1.3e+06           15        3.726    0.0243692    -0.037219   1.0935e+30       206000 -0.000906996  0.261799
     1.3e+06           20        3.726     0.024847   -0.0514834   1.0935e+30       206000  -0.00127921  0.349066
     1.3e+06           25        3.726    0.0253998   -0.0548528   1.0935e+30       206000  -0.00139325  0.436332
     1.3e+06           30        3.726    0.0267484   -0.0466891   1.0935e+30       206000  -0.00124886  0.523599
     1.3e+06           35        3.726    0.0250596   -0.0404771   1.0935e+30       206000  -0.00101434  0.610865
     1.3e+06           40        3.726    0.0222846   -0.0386306   1.0935e+30       206000 -0.000860867  0.698132
     1.3e+06           45        3.726    0.0207676   -0.0434926   1.0935e+30       206000 -0.000903237  0.785398
     1.3e+06            5        3.726    0.0235697  -0.00447118   1.0935e+30       206000 -0.000105384  0.0872665
     1.3e+06           50        3.726    0.0173792   -0.0540024   1.0935e+30       206000 -0.000938517  0.872665
     1.3e+06           55        3.726    0.0157487    -0.064429   1.0935e+30       206000  -0.00101467  0.959931
     1.3e+06           60        3.726    0.0151532   -0.0765292   1.0935e+30       206000  -0.00115966    1.0472
     1.3e+06           65        3.726      0.01278   -0.0856093   1.0935e+30       206000  -0.00109409   1.13446
     1.3e+06           70        3.726    0.0113958   -0.0921427   1.0935e+30       206000  -0.00105004   1.22173
     1.3e+06           75        3.726    0.0101985   -0.0945292   1.0935e+30       206000  -0.00096406     1.309
     1.3e+06           80        3.726   0.00729873   -0.0940176   1.0935e+30       206000 -0.000686209   1.39626
     1.3e+06           85        3.726   0.00712226   -0.0881598   1.0935e+30       206000 -0.000627897   1.48353
     1.3e+06           90        3.726    0.0062259   -0.0785849   1.0935e+30       206000 -0.000489262    1.5708
     1.3e+06           10        3.105    0.0207332   -0.0204993   1.0935e+30       206000 -0.000425016  0.174533
     1.3e+06           15        3.105    0.0206293   -0.0455131   1.0935e+30       206000 -0.000938903  0.261799
     1.3e+06           20        3.105    0.0213343   -0.0702289   1.0935e+30       206000  -0.00149829  0.349066
     1.3e+06           25        3.105    0.0221406   -0.0858888   1.0935e+30       206000  -0.00190162  0.436332
     1.3e+06           30        3.105    0.0236688   -0.0944507   1.0935e+30       206000  -0.00223554  0.523599
     1.3e+06           35        3.105    0.0224031    -0.105006   1.0935e+30       206000  -0.00235245  0.610865
     1.3e+06           40        3.105    0.0201093    -0.121117   1.0935e+30       206000  -0.00243557  0.698132
     1.3e+06           45        3.105     0.018908    -0.142419   1.0935e+30       206000  -0.00269287  0.785398
     1.3e+06            5        3.105    0.0198032  -0.00490017   1.0935e+30       206000 -9.70391e-05  0.0872665
     1.3e+06           50        3.105    0.0159674    -0.167826   1.0935e+30       206000  -0.00267974  0.872665
     1.3e+06           55        3.105    0.0145572    -0.188315   1.0935e+30       206000  -0.00274134  0.959931
     1.3e+06           60        3.105    0.0140986    -0.208771   1.0935e+30       206000  -0.00294338    1.0472
     1.3e+06           65        3.105    0.0119516    -0.223458   1.0935e+30       206000  -0.00267069   1.13446
     1.3e+06           70        3.105    0.0106726    -0.233751   1.0935e+30       206000  -0.00249472   1.22173
     1.3e+06           75        3.105   0.00953723     -0.23809   1.0935e+30       206000  -0.00227072     1.309
     1.3e+06           80        3.105    0.0068102    -0.238466   1.0935e+30       206000    -0.001624   1.39626
     1.3e+06           85        3.105   0.00664478    -0.231004   1.0935e+30       206000  -0.00153497   1.48353
     1.3e+06           90        3.105    0.0058159    -0.217268   1.0935e+30       206000  -0.00126361    1.5708
     1.3e+06           10        5.796    0.0247286   -0.0147299   1.0935e+30       206000 -0.000364251  0.174533
     1.3e+06           15        5.796    0.0241111   -0.0225878   1.0935e+30       206000 -0.000544617  0.261799
     1.3e+06           20        5.796    0.0239126   -0.0174615   1.0935e+30       206000 -0.000417551  0.349066
     1.3e+06           25        5.796    0.0237322   0.00185872   1.0935e+30       206000  4.41115e-05  0.436332
     1.3e+06           30        5.796    0.0243863    0.0403722   1.0935e+30       206000  0.000984531  0.523599
     1.3e+06           35        5.796    0.0228069    0.0787769   1.0935e+30       206000   0.00179666  0.610865
     1.3e+06           40        5.796    0.0205578      0.11718   1.0935e+30       206000   0.00240897  0.698132
     1.3e+06           45        5.796    0.0194554     0.147825   1.0935e+30       206000   0.00287598  0.785398
     1.3e+06            5        5.796    0.0236617   -0.0037794   1.0935e+30       206000 -8.94272e-05  0.0872665
     1.3e+06           50        5.796    0.0165922     0.172042   1.0935e+30       206000   0.00285456  0.872665
     1.3e+06           55        5.796     0.015304     0.185971   1.0935e+30       206000   0.00284611  0.959931
     1.3e+06           60        5.796    0.0150371      0.19543   1.0935e+30       206000    0.0029387    1.0472
     1.3e+06           65        5.796    0.0129224     0.201381   1.0935e+30       206000   0.00260232   1.13446
     1.3e+06           70        5.796    0.0117097     0.205184   1.0935e+30       206000   0.00240264   1.22173
     1.3e+06           75        5.796    0.0105795     0.207984   1.0935e+30       206000   0.00220036     1.309
     1.3e+06           80        5.796   0.00768121     0.210681   1.0935e+30       206000   0.00161829   1.39626
     1.3e+06           85        5.796    0.0074459     0.212364   1.0935e+30       206000   0.00158125   1.48353
     1.3e+06           90        5.796   0.00636309     0.211351   1.0935e+30       206000   0.00134484    1.5708
     1.3e+06           10        6.831    0.0237824   -0.0157151   1.0935e+30       206000 -0.000373744  0.174533
     1.3e+06           15        6.831    0.0230746   -0.0253353   1.0935e+30       206000 -0.000584602  0.261799
     1.3e+06           20        6.831    0.0226508   -0.0227208   1.0935e+30       206000 -0.000514645  0.349066
     1.3e+06           25        6.831    0.0222335  -0.00670855   1.0935e+30       206000 -0.000149155  0.436332
     1.3e+06           30        6.831     0.022538     0.026384   1.0935e+30       206000  0.000594644  0.523599
     1.3e+06           35        6.831    0.0207164    0.0612769   1.0935e+30       206000   0.00126944  0.610865
     1.3e+06           40        6.831    0.0182369    0.0993378   1.0935e+30       206000   0.00181162  0.698132
     1.3e+06           45        6.831    0.0168669     0.132472   1.0935e+30       206000   0.00223439  0.785398
     1.3e+06            5        6.831    0.0227663  -0.00402424   1.0935e+30       206000 -9.16173e-05  0.0872665
     1.3e+06           50        6.831    0.0142522     0.162433   1.0935e+30       206000   0.00231502  0.872665
     1.3e+06           55        6.831    0.0133594     0.181252   1.0935e+30       206000   0.00242142  0.959931
     1.3e+06           60        6.831    0.0134643     0.196451   1.0935e+30       206000   0.00264508    1.0472
     1.3e+06           65        6.831    0.0118057     0.206891   1.0935e+30       206000    0.0024425   1.13446
     1.3e+06           70        6.831    0.0107729     0.214014   1.0935e+30       206000   0.00230556   1.22173
     1.3e+06           75        6.831   0.00969598      0.21836   1.0935e+30       206000   0.00211722     1.309
     1.3e+06           80        6.831   0.00699907      0.22155   1.0935e+30       206000   0.00155064   1.39626
     1.3e+06           85        6.831   0.00677006     0.222084   1.0935e+30       206000   0.00150352   1.48353
     1.3e+06           90        6.831   0.00578344      0.21837   1.0935e+30       206000   0.00126293    1.5708
     1.3e+06           10        5.175    0.0245255   -0.0141434   1.0935e+30       206000 -0.000346875  0.174533
     1.3e+06           15        5.175    0.0240891   -0.0209267   1.0935e+30       206000 -0.000504106  0.261799
     1.3e+06           20        5.175    0.0242576   -0.0142472   1.0935e+30       206000 -0.000345602  0.349066
     1.3e+06           25        5.175    0.0244701   0.00711949   1.0935e+30       206000  0.000174215  0.436332
     1.3e+06           30        5.175    0.0255699    0.0489038   1.0935e+30       206000   0.00125047  0.523599
     1.3e+06           35        5.175    0.0242278    0.0892893   1.0935e+30       206000   0.00216328  0.610865
     1.3e+06           40        5.175    0.0221302     0.127863   1.0935e+30       206000   0.00282962  0.698132
     1.3e+06           45        5.175    0.0212033     0.156988   1.0935e+30       206000   0.00332866  0.785398
     1.3e+06            5        5.175    0.0234521   -0.0036325   1.0935e+30       206000 -8.51898e-05  0.0872665
     1.3e+06           50        5.175    0.0181315     0.177805   1.0935e+30       206000   0.00322388  0.872665
     1.3e+06           55        5.175    0.0164981     0.188828   1.0935e+30       206000    0.0031153  0.959931
     1.3e+06           60        5.175     0.015885     0.194855   1.0935e+30       206000   0.00309528    1.0472
     1.3e+06           65        5.175     0.013423     0.198086   1.0935e+30       206000   0.00265891   1.13446
     1.3e+06           70        5.175    0.0120526     0.199879   1.0935e+30       206000   0.00240906   1.22173
     1.3e+06           75        5.175    0.0108757     0.201753   1.0935e+30       206000   0.00219421     1.309
     1.3e+06           80        5.175   0.00788131     0.204159   1.0935e+30       206000   0.00160904   1.39626
     1.3e+06           85        5.175   0.00766936     0.206535   1.0935e+30       206000   0.00158399   1.48353
     1.3e+06           90        5.175   0.00661221     0.207133   1.0935e+30       206000   0.00136961    1.5708
     1.3e+06           10        10.35    0.0202237   -0.0194633   1.0935e+30       206000 -0.000393619  0.174533
     1.3e+06           15        10.35    0.0192322   -0.0349837   1.0935e+30       206000 -0.000672814  0.261799
     1.3e+06           20        10.35    0.0180984   -0.0406101   1.0935e+30       206000 -0.000734979  0.349066
     1.3e+06           25        10.35    0.0169734   -0.0356972   1.0935e+30       206000 -0.000605903  0.436332
     1.3e+06           30        10.35    0.0165802   -0.0200013   1.0935e+30       206000 -0.000331627  0.523599
     1.3e+06           35        10.35    0.0152605   0.00354683   1.0935e+30       206000  5.41264e-05  0.610865
     1.3e+06           40        10.35    0.0138204    0.0388893   1.0935e+30       206000  0.000537465  0.698132
     1.3e+06           45        10.35    0.0131692    0.0782011   1.0935e+30       206000   0.00102984  0.785398
     1.3e+06            5        10.35    0.0193945  -0.00502098   1.0935e+30       206000 -9.73793e-05  0.0872665
     1.3e+06           50        10.35    0.0112016     0.123014   1.0935e+30       206000   0.00137794  0.872665
     1.3e+06           55        10.35    0.0101599     0.156166   1.0935e+30       206000   0.00158663  0.959931
     1.3e+06           60        10.35   0.00974984     0.188838   1.0935e+30       206000   0.00184114    1.0472
     1.3e+06           65        10.35   0.00821775     0.213412   1.0935e+30       206000   0.00175377   1.13446
     1.3e+06           70        10.35    0.0073758     0.231313   1.0935e+30       206000   0.00170612   1.22173
     1.3e+06           75        10.35   0.00666319     0.240474   1.0935e+30       206000   0.00160232     1.309
     1.3e+06           80        10.35   0.00483705     0.245494   1.0935e+30       206000   0.00118746   1.39626
     1.3e+06           85        10.35   0.00465984     0.242687   1.0935e+30       206000   0.00113088   1.48353
     1.3e+06           90        10.35   0.00393415     0.231063   1.0935e+30       206000  0.000909035    1.5708
     1.3e+06           10        9.729    0.0208432   -0.0184552   1.0935e+30       206000 -0.000384665  0.174533
     1.3e+06           15        9.729    0.0198159   -0.0329094   1.0935e+30       206000  -0.00065213  0.261799
     1.3e+06           20        9.729    0.0186371   -0.0373332   1.0935e+30       206000 -0.000695782  0.349066
     1.3e+06           25        9.729    0.0174676   -0.0306037   1.0935e+30       206000 -0.000534575  0.436332
     1.3e+06           30        9.729    0.0170458   -0.0122129   1.0935e+30       206000 -0.000208178  0.523599
     1.3e+06           35        9.729    0.0156587    0.0136005   1.0935e+30       206000  0.000212966  0.610865
     1.3e+06           40        9.729    0.0141393    0.0506089   1.0935e+30       206000  0.000715576  0.698132
     1.3e+06           45        9.729    0.0134371    0.0905393   1.0935e+30       206000   0.00121658  0.785398
     1.3e+06            5        9.729     0.019989   -0.0047098   1.0935e+30       206000 -9.41443e-05  0.0872665
     1.3e+06           50        9.729    0.0114639     0.135179   1.0935e+30       206000   0.00154968  0.872665
     1.3e+06           55        9.729    0.0105125      0.16755   1.0935e+30       206000   0.00176138  0.959931
     1.3e+06           60        9.729     0.010242       0.1989   1.0935e+30       206000   0.00203714    1.0472
     1.3e+06           65        9.729    0.0087387     0.222128   1.0935e+30       206000   0.00194111   1.13446
     1.3e+06           70        9.729   0.00788303     0.238769   1.0935e+30       206000   0.00188222   1.22173
     1.3e+06           75        9.729   0.00711234     0.247432   1.0935e+30       206000   0.00175982     1.309
     1.3e+06           80        9.729   0.00515313     0.251986   1.0935e+30       206000   0.00129852   1.39626
     1.3e+06           85        9.729   0.00497443     0.249312   1.0935e+30       206000   0.00124018   1.48353
     1.3e+06           90        9.729   0.00422207      0.23806   1.0935e+30       206000    0.0010051    1.5708
     1.3e+06           10        9.315    0.0212943   -0.0180634   1.0935e+30       206000 -0.000384649  0.174533
     1.3e+06           15        9.315    0.0202892   -0.0318347   1.0935e+30       206000   -0.0006459  0.261799
     1.3e+06           20        9.315    0.0191709   -0.0352633   1.0935e+30       206000 -0.000676031  0.349066
     1.3e+06           25        9.315    0.0180586   -0.0272205   1.0935e+30       206000 -0.000491565  0.436332
     1.3e+06           30        9.315    0.0177042  -0.00671213   1.0935e+30       206000 -0.000118833  0.523599
     1.3e+06           35        9.315    0.0162939    0.0204645   1.0935e+30       206000  0.000333446  0.610865
     1.3e+06           40        9.315    0.0147173    0.0576234   1.0935e+30       206000   0.00084806  0.698132
     1.3e+06           45        9.315     0.013988    0.0965768   1.0935e+30       206000   0.00135092  0.785398
     1.3e+06            5        9.315    0.0204177  -0.00461187   1.0935e+30       206000 -9.41635e-05  0.0872665
     1.3e+06           50        9.315    0.0119438     0.139074   1.0935e+30       206000   0.00166108  0.872665
     1.3e+06           55        9.315    0.0109711     0.169504   1.0935e+30       206000   0.00185963  0.959931
     1.3e+06           60        9.315    0.0107124      0.19855   1.0935e+30       206000   0.00212696    1.0472
     1.3e+06           65        9.315   0.00915532     0.219949   1.0935e+30       206000    0.0020137   1.13446
     1.3e+06           70        9.315   0.00826018     0.235229   1.0935e+30       206000   0.00194303   1.22173
     1.3e+06           75        9.315   0.00744594     0.243277   1.0935e+30       206000   0.00181142     1.309
     1.3e+06           80        9.315   0.00538751     0.247638   1.0935e+30       206000   0.00133415   1.39626
     1.3e+06           85        9.315   0.00520812     0.245416   1.0935e+30       206000   0.00127816   1.48353
     1.3e+06           90        9.315   0.00443693      0.23523   1.0935e+30       206000    0.0010437    1.5708
     1.3e+06           10         4.14    0.0247469   -0.0169312   1.0935e+30       206000 -0.000418996  0.174533
     1.3e+06           15         4.14    0.0244342   -0.0317642   1.0935e+30       206000 -0.000776132  0.261799
     1.3e+06           20         4.14    0.0248726   -0.0390712   1.0935e+30       206000 -0.000971803  0.349066
     1.3e+06           25         4.14    0.0253818   -0.0342071   1.0935e+30       206000 -0.000868236  0.436332
     1.3e+06           30         4.14    0.0267514   -0.0148386   1.0935e+30       206000 -0.000396954  0.523599
     1.3e+06           35         4.14    0.0252713   0.00259553   1.0935e+30       206000  6.55923e-05  0.610865
     1.3e+06           40         4.14    0.0228187    0.0163845   1.0935e+30       206000  0.000373873  0.698132
     1.3e+06           45         4.14    0.0215982    0.0224146   1.0935e+30       206000  0.000484115  0.785398
     1.3e+06            5         4.14    0.0236529  -0.00418519   1.0935e+30       206000  -9.8992e-05  0.0872665
     1.3e+06           50         4.14     0.018291    0.0218435   1.0935e+30       206000   0.00039954  0.872665
     1.3e+06           55         4.14     0.016605    0.0181364   1.0935e+30       206000  0.000301156  0.959931
     1.3e+06           60         4.14    0.0159726    0.0116113   1.0935e+30       206000  0.000185462    1.0472
     1.3e+06           65         4.14     0.013463   0.00628126   1.0935e+30       206000  8.45648e-05   1.13446
     1.3e+06           70         4.14    0.0119825   0.00226738   1.0935e+30       206000  2.71689e-05   1.22173
     1.3e+06           75         4.14    0.0107003   0.00117964   1.0935e+30       206000  1.26226e-05     1.309
     1.3e+06           80         4.14   0.00763263   0.00227852   1.0935e+30       206000  1.73911e-05   1.39626
     1.3e+06           85         4.14    0.0074213   0.00706431   1.0935e+30       206000  5.24264e-05   1.48353
     1.3e+06           90         4.14   0.00645595    0.0138643   1.0935e+30       206000  8.95075e-05    1.5708
