     1.4e+06           10         2.07    0.0171118    0.0349188    4.116e+30       206000  0.000597522 
     1.4e+06           15         2.07    0.0167172    0.0582392    4.116e+30       206000  0.000973597 
     1.4e+06           20         2.07    0.0179714    0.0905306    4.116e+30       206000   0.00162696 
     1.4e+06           25         2.07    0.0170989      0.11888    4.116e+30       206000   0.00203273 
     1.4e+06           30         2.07    0.0174804     0.143273    4.116e+30       206000   0.00250447 
     1.4e+06           35         2.07    0.0156352     0.170729    4.116e+30       206000   0.00266938 
     1.4e+06           40         2.07    0.0148166     0.204681    4.116e+30       206000   0.00303268 
     1.4e+06           45         2.07    0.0126846     0.248963    4.116e+30       206000     0.003158 
     1.4e+06            5         2.07    0.0157224     0.011119    4.116e+30       206000  0.000174817 
     1.4e+06           50         2.07    0.0121915     0.280045    4.116e+30       206000   0.00341418 
     1.4e+06           55         2.07    0.0111481     0.305126    4.116e+30       206000   0.00340157 
     1.4e+06           60         2.07   0.00961978     0.311559    4.116e+30       206000   0.00299713 
     1.4e+06           65         2.07   0.00933767     0.352371    4.116e+30       206000   0.00329032 
     1.4e+06           70         2.07    0.0068476     0.362168    4.116e+30       206000   0.00247998 
     1.4e+06           75         2.07   0.00669186     0.328678    4.116e+30       206000   0.00219947 
     1.4e+06           80         2.07   0.00604889     0.354988    4.116e+30       206000   0.00214728 
     1.4e+06           85         2.07   0.00438774      0.35863    4.116e+30       206000   0.00157358 
     1.4e+06           90         2.07   0.00443169     0.339866    4.116e+30       206000   0.00150618 
     1.4e+06           10        2.484    0.0224255    0.0337263    4.116e+30       206000   0.00075633 
     1.4e+06           15        2.484    0.0217348     0.054732    4.116e+30       206000   0.00118959 
     1.4e+06           20        2.484    0.0230338    0.0799736    4.116e+30       206000    0.0018421 
     1.4e+06           25        2.484    0.0215846     0.101793    4.116e+30       206000   0.00219717 
     1.4e+06           30        2.484    0.0217397     0.117617    4.116e+30       206000   0.00255696 
     1.4e+06           35        2.484    0.0192719     0.136542    4.116e+30       206000   0.00263142 
     1.4e+06           40        2.484    0.0181436     0.161299    4.116e+30       206000   0.00292654 
     1.4e+06           45        2.484    0.0154324     0.194932    4.116e+30       206000   0.00300826 
     1.4e+06            5        2.484    0.0206169    0.0119236    4.116e+30       206000  0.000245827 
     1.4e+06           50        2.484     0.014747     0.220083    4.116e+30       206000   0.00324557 
     1.4e+06           55        2.484    0.0133941     0.240825    4.116e+30       206000   0.00322564 
     1.4e+06           60        2.484    0.0114875       0.2466    4.116e+30       206000    0.0028328 
     1.4e+06           65        2.484     0.011073     0.280741    4.116e+30       206000   0.00310865 
     1.4e+06           70        2.484   0.00806201     0.289619    4.116e+30       206000   0.00233491 
     1.4e+06           75        2.484   0.00780305     0.263789    4.116e+30       206000   0.00205836 
     1.4e+06           80        2.484   0.00700647     0.284482    4.116e+30       206000   0.00199321 
     1.4e+06           85        2.484   0.00506744     0.288468    4.116e+30       206000   0.00146179 
     1.4e+06           90        2.484   0.00511502     0.272796    4.116e+30       206000   0.00139535 
     1.4e+06           10        3.105    0.0215942    0.0313247    4.116e+30       206000  0.000676432 
     1.4e+06           15        3.105    0.0216492    0.0467782    4.116e+30       206000   0.00101271 
     1.4e+06           20        3.105    0.0243694    0.0641984    4.116e+30       206000   0.00156448 
     1.4e+06           25        3.105    0.0243426    0.0758799    4.116e+30       206000   0.00184711 
     1.4e+06           30        3.105    0.0259619    0.0787498    4.116e+30       206000   0.00204449 
     1.4e+06           35        3.105    0.0234462    0.0851645    4.116e+30       206000   0.00199678 
     1.4e+06           40        3.105    0.0219772    0.0963808    4.116e+30       206000   0.00211819 
     1.4e+06           45        3.105    0.0185944     0.115199    4.116e+30       206000   0.00214205 
     1.4e+06            5        3.105    0.0198032    0.0127612    4.116e+30       206000  0.000252712 
     1.4e+06           50        3.105    0.0177768     0.131595    4.116e+30       206000   0.00233934 
     1.4e+06           55        3.105    0.0162524     0.146371    4.116e+30       206000   0.00237888 
     1.4e+06           60        3.105    0.0140383     0.151761    4.116e+30       206000   0.00213046 
     1.4e+06           65        3.105    0.0135777     0.175028    4.116e+30       206000   0.00237648 
     1.4e+06           70        3.105   0.00982823     0.182028    4.116e+30       206000   0.00178901 
     1.4e+06           75        3.105   0.00935846     0.167301    4.116e+30       206000   0.00156567 
     1.4e+06           80        3.105    0.0082768      0.17952    4.116e+30       206000   0.00148585 
     1.4e+06           85        3.105   0.00590021     0.181731    4.116e+30       206000   0.00107225 
     1.4e+06           90        3.105   0.00580328     0.170002    4.116e+30       206000   0.00098657 
     1.4e+06           10        3.726    0.0256863    0.0290146    4.116e+30       206000  0.000745277 
     1.4e+06           15        3.726    0.0255474    0.0392862    4.116e+30       206000   0.00100366 
     1.4e+06           20        3.726    0.0283551    0.0476956    4.116e+30       206000   0.00135241 
     1.4e+06           25        3.726    0.0279065    0.0490075    4.116e+30       206000   0.00136763 
     1.4e+06           30        3.726    0.0293193    0.0393777    4.116e+30       206000   0.00115453 
     1.4e+06           35        3.726    0.0261986    0.0324628    4.116e+30       206000   0.00085048 
     1.4e+06           40        3.726    0.0243155    0.0305799    4.116e+30       206000  0.000743565 
     1.4e+06           45        3.726     0.020372    0.0354484    4.116e+30       206000  0.000722154 
     1.4e+06            5        3.726    0.0235697    0.0133446    4.116e+30       206000  0.000314527 
     1.4e+06           50        3.726    0.0193344    0.0429521    4.116e+30       206000  0.000830451 
     1.4e+06           55        3.726    0.0175555    0.0513871    4.116e+30       206000  0.000902125 
     1.4e+06           60        3.726     0.015076    0.0565777    4.116e+30       206000  0.000852966 
     1.4e+06           65        3.726    0.0145135    0.0682471    4.116e+30       206000  0.000990502 
     1.4e+06           70        3.726    0.0104954     0.072898    4.116e+30       206000  0.000765094 
     1.4e+06           75        3.726    0.0100159    0.0679939    4.116e+30       206000  0.000681022 
     1.4e+06           80        3.726   0.00886991     0.071643    4.116e+30       206000  0.000635467 
     1.4e+06           85        3.726   0.00632368    0.0707088    4.116e+30       206000   0.00044714 
     1.4e+06           90        3.726   0.00621119    0.0624795    4.116e+30       206000  0.000388072 
     1.4e+06           10         4.14    0.0257753    0.0276159    4.116e+30       206000   0.00071181 
     1.4e+06           15         4.14    0.0256125    0.0336981    4.116e+30       206000  0.000863094 
     1.4e+06           20         4.14    0.0283813    0.0365755    4.116e+30       206000   0.00103806 
     1.4e+06           25         4.14    0.0278845    0.0309421    4.116e+30       206000  0.000862804 
     1.4e+06           30         4.14    0.0293307    0.0126792    4.116e+30       206000  0.000371889 
     1.4e+06           35         4.14    0.0264531  -0.00342143    4.116e+30       206000 -9.05074e-05 
     1.4e+06           40         4.14    0.0249692   -0.0138867    4.116e+30       206000  -0.00034674 
     1.4e+06           45         4.14    0.0212716   -0.0182332    4.116e+30       206000 -0.000387851 
     1.4e+06            5         4.14    0.0236529    0.0136243    4.116e+30       206000  0.000322255 
     1.4e+06           50         4.14    0.0203524   -0.0168997    4.116e+30       206000  -0.00034395 
     1.4e+06           55         4.14    0.0185088   -0.0129078    4.116e+30       206000 -0.000238908 
     1.4e+06           60         4.14    0.0158904  -0.00813281    4.116e+30       206000 -0.000129234 
     1.4e+06           65         4.14    0.0152853  -0.00437154    4.116e+30       206000 -6.68205e-05 
     1.4e+06           70         4.14    0.0110339  -0.00164806    4.116e+30       206000 -1.81846e-05 
     1.4e+06           75         4.14    0.0104955  -0.00096223    4.116e+30       206000 -1.00991e-05 
     1.4e+06           80         4.14   0.00926644  -0.00254321    4.116e+30       206000 -2.35665e-05 
     1.4e+06           85         4.14   0.00658711  -0.00631722    4.116e+30       206000 -4.16122e-05 
     1.4e+06           90         4.14   0.00643614   -0.0123644    4.116e+30       206000 -7.95792e-05 
     1.4e+06           10        4.554    0.0257708    0.0262539    4.116e+30       206000  0.000676584 
     1.4e+06           15        4.554    0.0255289    0.0282137    4.116e+30       206000  0.000720263 
     1.4e+06           20        4.554    0.0281334    0.0252447    4.116e+30       206000  0.000710218 
     1.4e+06           25        4.554    0.0274807    0.0126785    4.116e+30       206000  0.000348414 
     1.4e+06           30        4.554    0.0288585   -0.0143202    4.116e+30       206000 -0.000413259 
     1.4e+06           35        4.554    0.0263198   -0.0400734    4.116e+30       206000  -0.00105472 
     1.4e+06           40        4.554    0.0254034     -0.05913    4.116e+30       206000  -0.00150211 
     1.4e+06           45        4.554    0.0221071   -0.0726352    4.116e+30       206000  -0.00160575 
     1.4e+06            5        4.554    0.0236542    0.0138301    4.116e+30       206000  0.000327139 
     1.4e+06           50        4.554    0.0212549   -0.0777397    4.116e+30       206000  -0.00165235 
     1.4e+06           55        4.554    0.0191251   -0.0783422    4.116e+30       206000   -0.0014983 
     1.4e+06           60        4.554    0.0162079   -0.0742801    4.116e+30       206000  -0.00120392 
     1.4e+06           65        4.554    0.0154594     -0.07844    4.116e+30       206000  -0.00121263 
     1.4e+06           70        4.554    0.0112028   -0.0779272    4.116e+30       206000    -0.000873 
     1.4e+06           75        4.554    0.0108354   -0.0724518    4.116e+30       206000 -0.000785047 
     1.4e+06           80        4.554   0.00966577    -0.078895    4.116e+30       206000 -0.000762581 
     1.4e+06           85        4.554   0.00688474   -0.0858315    4.116e+30       206000 -0.000590927 
     1.4e+06           90        4.554   0.00667866   -0.0897539    4.116e+30       206000 -0.000599436 
     1.4e+06           10        5.175    0.0255452    0.0249821    4.116e+30       206000  0.000638172 
     1.4e+06           15        5.175    0.0252309    0.0229798    4.116e+30       206000  0.000579801 
     1.4e+06           20        5.175    0.0276597    0.0139401    4.116e+30       206000  0.000385578 
     1.4e+06           25        5.175    0.0268686  -0.00586831    4.116e+30       206000 -0.000157673 
     1.4e+06           30        5.175    0.0280318   -0.0417258    4.116e+30       206000  -0.00116965 
     1.4e+06           35        5.175    0.0253801   -0.0779383    4.116e+30       206000  -0.00197808 
     1.4e+06           40        5.175    0.0242699    -0.106516    4.116e+30       206000  -0.00258513 
     1.4e+06           45        5.175    0.0209488    -0.130666    4.116e+30       206000   -0.0027373 
     1.4e+06            5        5.175    0.0234521    0.0140593    4.116e+30       206000  0.000329721 
     1.4e+06           50        5.175      0.02018    -0.143567    4.116e+30       206000  -0.00289718 
     1.4e+06           55        5.175    0.0183938    -0.150425    4.116e+30       206000  -0.00276689 
     1.4e+06           60        5.175    0.0158063    -0.148134    4.116e+30       206000  -0.00234146 
     1.4e+06           65        5.175    0.0152576    -0.161629    4.116e+30       206000  -0.00246607 
     1.4e+06           70        5.175    0.0111071    -0.164241    4.116e+30       206000  -0.00182423 
     1.4e+06           75        5.175    0.0107323    -0.154925    4.116e+30       206000   -0.0016627 
     1.4e+06           80        5.175   0.00956363     -0.16605    4.116e+30       206000  -0.00158804 
     1.4e+06           85        5.175   0.00680347    -0.176644    4.116e+30       206000  -0.00120179 
     1.4e+06           90        5.175   0.00658294    -0.177909    4.116e+30       206000  -0.00117117 
     1.4e+06           10        5.796    0.0257574    0.0256095    4.116e+30       206000  0.000659633 
     1.4e+06           15        5.796    0.0252258    0.0249145    4.116e+30       206000  0.000628489 
     1.4e+06           20        5.796    0.0272388    0.0171133    4.116e+30       206000  0.000466146 
     1.4e+06           25        5.796    0.0260389  -0.00101518    4.116e+30       206000 -2.64341e-05 
     1.4e+06           30        5.796    0.0267121   -0.0345483    4.116e+30       206000 -0.000922858 
     1.4e+06           35        5.796    0.0238579   -0.0696873    4.116e+30       206000  -0.00166259 
     1.4e+06           40        5.796     0.022493   -0.0992708    4.116e+30       206000   -0.0022329 
     1.4e+06           45        5.796    0.0191734    -0.125383    4.116e+30       206000  -0.00240401 
     1.4e+06            5        5.796    0.0236617    0.0142662    4.116e+30       206000  0.000337564 
     1.4e+06           50        5.796    0.0184993    -0.140928    4.116e+30       206000  -0.00260707 
     1.4e+06           55        5.796    0.0171448    -0.150984    4.116e+30       206000  -0.00258858 
     1.4e+06           60        5.796    0.0150012    -0.151345    4.116e+30       206000  -0.00227036 
     1.4e+06           65        5.796    0.0147142    -0.167192    4.116e+30       206000   -0.0024601 
     1.4e+06           70        5.796     0.010792    -0.171735    4.116e+30       206000  -0.00185337 
     1.4e+06           75        5.796    0.0104476    -0.164057    4.116e+30       206000    -0.001714 
     1.4e+06           80        5.796   0.00930848    -0.174854    4.116e+30       206000  -0.00162763 
     1.4e+06           85        5.796   0.00660147    -0.185277    4.116e+30       206000   -0.0012231 
     1.4e+06           90        5.796   0.00632659    -0.185072    4.116e+30       206000  -0.00117088 
     1.4e+06           10         6.21     0.025347    0.0260352    4.116e+30       206000  0.000659914 
     1.4e+06           15         6.21    0.0247635    0.0262182    4.116e+30       206000  0.000649253 
     1.4e+06           20         6.21    0.0266232    0.0191704    4.116e+30       206000  0.000510376 
     1.4e+06           25         6.21    0.0253326   0.00216626    4.116e+30       206000  5.48771e-05 
     1.4e+06           30         6.21    0.0258336   -0.0298772    4.116e+30       206000 -0.000771837 
     1.4e+06           35         6.21    0.0228925   -0.0641231    4.116e+30       206000  -0.00146794 
     1.4e+06           40         6.21    0.0213508   -0.0942251    4.116e+30       206000  -0.00201179 
     1.4e+06           45         6.21    0.0180186    -0.121623    4.116e+30       206000  -0.00219147 
     1.4e+06            5         6.21    0.0232889    0.0143928    4.116e+30       206000  0.000335193 
     1.4e+06           50         6.21    0.0173709    -0.139164    4.116e+30       206000   -0.0024174 
     1.4e+06           55         6.21     0.016235    -0.151386    4.116e+30       206000  -0.00245774 
     1.4e+06           60         6.21    0.0143402     -0.15353    4.116e+30       206000  -0.00220165 
     1.4e+06           65         6.21    0.0141758     -0.17092    4.116e+30       206000  -0.00242293 
     1.4e+06           70         6.21    0.0104196    -0.176701    4.116e+30       206000  -0.00184115 
     1.4e+06           75         6.21    0.0100626    -0.170173    4.116e+30       206000  -0.00171238 
     1.4e+06           80         6.21   0.00895688    -0.180684    4.116e+30       206000  -0.00161836 
     1.4e+06           85         6.21   0.00635882    -0.191022    4.116e+30       206000  -0.00121467 
     1.4e+06           90         6.21   0.00612206    -0.189755    4.116e+30       206000  -0.00116169 
     1.4e+06           10        6.831    0.0247723    0.0264496    4.116e+30       206000  0.000655215 
     1.4e+06           15        6.831    0.0241234     0.028044    4.116e+30       206000  0.000676517 
     1.4e+06           20        6.831     0.025784    0.0223208    4.116e+30       206000  0.000575518 
     1.4e+06           25        6.831    0.0243822   0.00697671    4.116e+30       206000  0.000170107 
     1.4e+06           30        6.831    0.0246659   -0.0226702    4.116e+30       206000 -0.000559182 
     1.4e+06           35        6.831    0.0216234   -0.0555553    4.116e+30       206000  -0.00120129 
     1.4e+06           40        6.831    0.0198686    -0.086466    4.116e+30       206000  -0.00171795 
     1.4e+06           45        6.831    0.0165369    -0.115948    4.116e+30       206000  -0.00191741 
     1.4e+06            5        6.831    0.0227663    0.0145555    4.116e+30       206000  0.000331375 
     1.4e+06           50        6.831    0.0159244    -0.136342    4.116e+30       206000  -0.00217116 
     1.4e+06           55        6.831    0.0150576    -0.151798    4.116e+30       206000  -0.00228571 
     1.4e+06           60        6.831    0.0134752    -0.156721    4.116e+30       206000  -0.00211185 
     1.4e+06           65        6.831    0.0134644    -0.176616    4.116e+30       206000  -0.00237803 
     1.4e+06           70        6.831   0.00992588    -0.184274    4.116e+30       206000  -0.00182908 
     1.4e+06           75        6.831   0.00955383     -0.17942    4.116e+30       206000  -0.00171415 
     1.4e+06           80        6.831   0.00847834    -0.189524    4.116e+30       206000  -0.00160685 
     1.4e+06           85        6.831   0.00600209    -0.199501    4.116e+30       206000  -0.00119742 
     1.4e+06           90        6.831   0.00575003    -0.196573    4.116e+30       206000   -0.0011303 
     1.4e+06           10        7.659     0.024093    0.0273804    4.116e+30       206000  0.000659674 
     1.4e+06           15        7.659    0.0232843    0.0306205    4.116e+30       206000  0.000712978 
     1.4e+06           20        7.659    0.0245492    0.0265097    4.116e+30       206000  0.000650794 
     1.4e+06           25        7.659    0.0228788    0.0134833    4.116e+30       206000  0.000308481 
     1.4e+06           30        7.659    0.0229501   -0.0131246    4.116e+30       206000 -0.000301211 
     1.4e+06           35        7.659    0.0203794   -0.0441805    4.116e+30       206000 -0.000900375 
     1.4e+06           40        7.659    0.0193025   -0.0760701    4.116e+30       206000  -0.00146834 
     1.4e+06           45        7.659    0.0165406     -0.10834    4.116e+30       206000  -0.00179201 
     1.4e+06            5        7.659    0.0221545    0.0146881    4.116e+30       206000  0.000325408 
     1.4e+06           50        7.659    0.0160178    -0.132248    4.116e+30       206000  -0.00211831 
     1.4e+06           55        7.659    0.0148907    -0.152164    4.116e+30       206000  -0.00226583 
     1.4e+06           60        7.659    0.0130612    -0.161332    4.116e+30       206000  -0.00210719 
     1.4e+06           65        7.659    0.0128174    -0.184087    4.116e+30       206000  -0.00235952 
     1.4e+06           70        7.659   0.00936243    -0.194334    4.116e+30       206000  -0.00181944 
     1.4e+06           75        7.659   0.00897621    -0.191666    4.116e+30       206000  -0.00172043 
     1.4e+06           80        7.659   0.00793446    -0.201253    4.116e+30       206000  -0.00159683 
     1.4e+06           85        7.659   0.00559288    -0.210554    4.116e+30       206000   -0.0011776 
     1.4e+06           90        7.659   0.00531301    -0.205308    4.116e+30       206000   -0.0010908 
     1.4e+06           10         8.28    0.0236371     0.028116    4.116e+30       206000  0.000664581 
     1.4e+06           15         8.28    0.0226786    0.0324775    4.116e+30       206000  0.000736546 
     1.4e+06           20         8.28    0.0235991    0.0297401    4.116e+30       206000  0.000701839 
     1.4e+06           25         8.28     0.021687    0.0184325    4.116e+30       206000  0.000399747 
     1.4e+06           30         8.28    0.0214761  -0.00571603    4.116e+30       206000 -0.000122758 
     1.4e+06           35         8.28    0.0189752   -0.0352439    4.116e+30       206000  -0.00066876 
     1.4e+06           40         8.28     0.017964   -0.0678902    4.116e+30       206000  -0.00121958 
     1.4e+06           45         8.28    0.0153887    -0.102275    4.116e+30       206000  -0.00157388 
     1.4e+06            5         8.28    0.0217471    0.0147032    4.116e+30       206000  0.000319752 
     1.4e+06           50         8.28    0.0148824    -0.129107    4.116e+30       206000  -0.00192141 
     1.4e+06           55         8.28    0.0137968    -0.152385    4.116e+30       206000  -0.00210243 
     1.4e+06           60         8.28    0.0120687    -0.164572    4.116e+30       206000  -0.00198617 
     1.4e+06           65         8.28    0.0118207    -0.189663    4.116e+30       206000  -0.00224194 
     1.4e+06           70         8.28    0.0086374      -0.2018    4.116e+30       206000  -0.00174303 
     1.4e+06           75         8.28   0.00830261    -0.200724    4.116e+30       206000  -0.00166654 
     1.4e+06           80         8.28    0.0073599    -0.209903    4.116e+30       206000  -0.00154487 
     1.4e+06           85         8.28   0.00520581    -0.218652    4.116e+30       206000  -0.00113826 
     1.4e+06           90         8.28   0.00498081    -0.211535    4.116e+30       206000  -0.00105362 
     1.4e+06           10        8.694    0.0230613    0.0285989    4.116e+30       206000  0.000659528 
     1.4e+06           15        8.694    0.0220649    0.0338252    4.116e+30       206000   0.00074635 
     1.4e+06           20        8.694    0.0228453     0.031864    4.116e+30       206000  0.000727944 
     1.4e+06           25        8.694    0.0208815    0.0217402    4.116e+30       206000  0.000453969 
     1.4e+06           30        8.694    0.0205761 -0.000747654    4.116e+30       206000 -1.53838e-05 
     1.4e+06           35        8.694    0.0181445   -0.0291984    4.116e+30       206000  -0.00052979 
     1.4e+06           40        8.694    0.0171738   -0.0623435    4.116e+30       206000  -0.00107067 
     1.4e+06           45        8.694    0.0147084   -0.0980438    4.116e+30       206000  -0.00144207 
     1.4e+06            5        8.694    0.0212217    0.0146703    4.116e+30       206000  0.000311329 
     1.4e+06           50        8.694    0.0142093    -0.126797    4.116e+30       206000   -0.0018017 
     1.4e+06           55        8.694    0.0131434    -0.152397    4.116e+30       206000  -0.00200302 
     1.4e+06           60        8.694    0.0114718    -0.166633    4.116e+30       206000  -0.00191159 
     1.4e+06           65        8.694    0.0112175    -0.193309    4.116e+30       206000  -0.00216845 
     1.4e+06           70        8.694   0.00819658    -0.206739    4.116e+30       206000  -0.00169455 
     1.4e+06           75        8.694   0.00789084    -0.206716    4.116e+30       206000  -0.00163117 
     1.4e+06           80        8.694   0.00700708    -0.215609    4.116e+30       206000  -0.00151079 
     1.4e+06           85        8.694   0.00496728    -0.223937    4.116e+30       206000  -0.00111236 
     1.4e+06           90        8.694   0.00477508    -0.215556    4.116e+30       206000   -0.0010293 
     1.4e+06           10        9.315     0.022182    0.0292491    4.116e+30       206000  0.000648806 
     1.4e+06           15        9.315    0.0211525    0.0357421    4.116e+30       206000  0.000756034 
     1.4e+06           20        9.315    0.0217674    0.0350402    4.116e+30       206000  0.000762733 
     1.4e+06           25        9.315    0.0197665    0.0266963    4.116e+30       206000  0.000527694 
     1.4e+06           30        9.315    0.0193602    0.0067371    4.116e+30       206000  0.000130431 
     1.4e+06           35        9.315    0.0170315   -0.0199665    4.116e+30       206000 -0.000340058 
     1.4e+06           40        9.315    0.0161157   -0.0537899    4.116e+30       206000 -0.000866863 
     1.4e+06           45        9.315    0.0137978   -0.0916628    4.116e+30       206000  -0.00126474 
     1.4e+06            5        9.315    0.0204177    0.0145629    4.116e+30       206000  0.000297341 
     1.4e+06           50        9.315    0.0133095    -0.123275    4.116e+30       206000  -0.00164074 
     1.4e+06           55        9.315    0.0122723     -0.15231    4.116e+30       206000   -0.0018692 
     1.4e+06           60        9.315    0.0106782    -0.169704    4.116e+30       206000  -0.00181214 
     1.4e+06           65        9.315    0.0104171    -0.198702    4.116e+30       206000   -0.0020699 
     1.4e+06           70        9.315   0.00761157    -0.214065    4.116e+30       206000  -0.00162937 
     1.4e+06           75        9.315   0.00734339    -0.215618    4.116e+30       206000  -0.00158337 
     1.4e+06           80        9.315   0.00652419    -0.224142    4.116e+30       206000  -0.00146235 
     1.4e+06           85        9.315   0.00461652    -0.231732    4.116e+30       206000   -0.0010698 
     1.4e+06           90        9.315   0.00440948    -0.221439    4.116e+30       206000 -0.000976431 
     1.4e+06           10        9.729    0.0217122    0.0298417    4.116e+30       206000   0.00064793 
     1.4e+06           15        9.729    0.0206521    0.0369511    4.116e+30       206000  0.000763117 
     1.4e+06           20        9.729    0.0211547    0.0371959    4.116e+30       206000  0.000786868 
     1.4e+06           25        9.729    0.0191153    0.0300198    4.116e+30       206000  0.000573837 
     1.4e+06           30        9.729     0.018637    0.0117967    4.116e+30       206000  0.000219855 
     1.4e+06           35        9.729    0.0163656   -0.0137251    4.116e+30       206000  -0.00022462 
     1.4e+06           40        9.729    0.0154826   -0.0480465    4.116e+30       206000 -0.000743886 
     1.4e+06           45        9.729     0.013253    -0.087334    4.116e+30       206000  -0.00115744 
     1.4e+06            5        9.729     0.019989    0.0144619    4.116e+30       206000  0.000289079 
     1.4e+06           50        9.729    0.0127719    -0.120812    4.116e+30       206000    -0.001543 
     1.4e+06           55        9.729    0.0117533     -0.15216    4.116e+30       206000  -0.00178838 
     1.4e+06           60        9.729    0.0102065    -0.171682    4.116e+30       206000  -0.00175228 
     1.4e+06           65        9.729   0.00994229    -0.202278    4.116e+30       206000   -0.0020111 
     1.4e+06           70        9.729   0.00726451    -0.218924    4.116e+30       206000  -0.00159037 
     1.4e+06           75        9.729   0.00701804    -0.221482    4.116e+30       206000  -0.00155437 
     1.4e+06           80        9.729   0.00623711    -0.229779    4.116e+30       206000  -0.00143316 
     1.4e+06           85        9.729   0.00440831    -0.236831    4.116e+30       206000  -0.00104403 
     1.4e+06           90        9.729   0.00419361     -0.22525    4.116e+30       206000 -0.000944608 
     1.4e+06           10        10.35    0.0210669    0.0314948    4.116e+30       206000    0.0006635 
     1.4e+06           15        10.35    0.0200446    0.0394493    4.116e+30       206000  0.000790744 
     1.4e+06           20        10.35    0.0205441    0.0405016    4.116e+30       206000  0.000832069 
     1.4e+06           25        10.35    0.0185749    0.0350538    4.116e+30       206000  0.000651122 
     1.4e+06           30        10.35    0.0181295    0.0190323    4.116e+30       206000  0.000345046 
     1.4e+06           35        10.35    0.0159536  -0.00448238    4.116e+30       206000 -7.15101e-05 
     1.4e+06           40        10.35    0.0151415   -0.0379701    4.116e+30       206000 -0.000574926 
     1.4e+06           45        10.35    0.0129915   -0.0772261    4.116e+30       206000  -0.00100328 
     1.4e+06            5        10.35    0.0193945    0.0153209    4.116e+30       206000  0.000297141 
     1.4e+06           50        10.35    0.0124623    -0.111258    4.116e+30       206000  -0.00138653 
     1.4e+06           55        10.35    0.0113184    -0.143981    4.116e+30       206000  -0.00162964 
     1.4e+06           60        10.35   0.00969756    -0.165418    4.116e+30       206000  -0.00160415 
     1.4e+06           65        10.35   0.00933963    -0.196569    4.116e+30       206000  -0.00183588 
     1.4e+06           70        10.35   0.00679771     -0.21433    4.116e+30       206000  -0.00145695 
     1.4e+06           75        10.35   0.00657973    -0.218313    4.116e+30       206000  -0.00143644 
     1.4e+06           80        10.35   0.00585021    -0.226217    4.116e+30       206000  -0.00132342 
     1.4e+06           85        10.35   0.00412811     -0.23242    4.116e+30       206000 -0.000959455 
     1.4e+06           90        10.35   0.00390452    -0.220212    4.116e+30       206000 -0.000859821 
