     1.4e+06           10         2.07    0.0171118   -0.0233783   1.0935e+30       206000 -0.000400045 
     1.4e+06           15         2.07    0.0167172   -0.0608568   1.0935e+30       206000  -0.00101736 
     1.4e+06           20         2.07    0.0179714    -0.100307   1.0935e+30       206000  -0.00180266 
     1.4e+06           25         2.07    0.0170989    -0.136502   1.0935e+30       206000  -0.00233404 
     1.4e+06           30         2.07    0.0174804    -0.174502   1.0935e+30       206000  -0.00305037 
     1.4e+06           35         2.07    0.0156352    -0.215111   1.0935e+30       206000  -0.00336329 
     1.4e+06           40         2.07    0.0148166       -0.267   1.0935e+30       206000  -0.00395604 
     1.4e+06           45         2.07    0.0126846    -0.320133   1.0935e+30       206000  -0.00406077 
     1.4e+06            5         2.07    0.0157224  -0.00557759   1.0935e+30       206000 -8.76932e-05 
     1.4e+06           50         2.07    0.0121915     -0.36237   1.0935e+30       206000  -0.00441785 
     1.4e+06           55         2.07    0.0111481    -0.403951   1.0935e+30       206000  -0.00450328 
     1.4e+06           60         2.07   0.00961978    -0.433283   1.0935e+30       206000  -0.00416808 
     1.4e+06           65         2.07   0.00933767    -0.456079   1.0935e+30       206000  -0.00425872 
     1.4e+06           70         2.07    0.0068476    -0.471297   1.0935e+30       206000  -0.00322725 
     1.4e+06           75         2.07   0.00669186    -0.479455   1.0935e+30       206000  -0.00320845 
     1.4e+06           80         2.07   0.00604889    -0.476943   1.0935e+30       206000  -0.00288498 
     1.4e+06           85         2.07   0.00438774    -0.468529   1.0935e+30       206000  -0.00205578 
     1.4e+06           90         2.07   0.00443169     -0.44376   1.0935e+30       206000  -0.00196661 
     1.4e+06           10        2.484    0.0224255   -0.0219747   1.0935e+30       206000 -0.000492794 
     1.4e+06           15        2.484    0.0217348   -0.0549185   1.0935e+30       206000  -0.00119364 
     1.4e+06           20        2.484    0.0230338   -0.0876546   1.0935e+30       206000  -0.00201902 
     1.4e+06           25        2.484    0.0215846    -0.115738   1.0935e+30       206000  -0.00249816 
     1.4e+06           30        2.484    0.0217397     -0.14224   1.0935e+30       206000  -0.00309225 
     1.4e+06           35        2.484    0.0192719    -0.171144   1.0935e+30       206000  -0.00329826 
     1.4e+06           40        2.484    0.0181436    -0.209957   1.0935e+30       206000  -0.00380938 
     1.4e+06           45        2.484    0.0154324     -0.25141   1.0935e+30       206000  -0.00387986 
     1.4e+06            5        2.484    0.0206169  -0.00529206   1.0935e+30       206000 -0.000109106 
     1.4e+06           50        2.484     0.014747    -0.285525   1.0935e+30       206000  -0.00421064 
     1.4e+06           55        2.484    0.0133941    -0.319752   1.0935e+30       206000  -0.00428279 
     1.4e+06           60        2.484    0.0114875     -0.34442   1.0935e+30       206000  -0.00395651 
     1.4e+06           65        2.484     0.011073    -0.363715   1.0935e+30       206000  -0.00402742 
     1.4e+06           70        2.484   0.00806201    -0.376601   1.0935e+30       206000  -0.00303616 
     1.4e+06           75        2.484   0.00780305    -0.383265   1.0935e+30       206000  -0.00299064 
     1.4e+06           80        2.484   0.00700647    -0.380821   1.0935e+30       206000  -0.00266821 
     1.4e+06           85        2.484   0.00506744     -0.37331   1.0935e+30       206000  -0.00189173 
     1.4e+06           90        2.484   0.00511502    -0.352046   1.0935e+30       206000  -0.00180072 
     1.4e+06           10        8.694    0.0230613   -0.0170422   1.0935e+30       206000 -0.000393014 
     1.4e+06           15        8.694    0.0220649   -0.0302876   1.0935e+30       206000 -0.000668293 
     1.4e+06           20        8.694    0.0228453   -0.0309706   1.0935e+30       206000 -0.000707532 
     1.4e+06           25        8.694    0.0208815     -0.02109   1.0935e+30       206000 -0.000440391 
     1.4e+06           30        8.694    0.0205761   0.00308225   1.0935e+30       206000  6.34206e-05 
     1.4e+06           35        8.694    0.0181445     0.033951   1.0935e+30       206000  0.000616023 
     1.4e+06           40        8.694    0.0171738    0.0747842   1.0935e+30       206000   0.00128433 
     1.4e+06           45        8.694    0.0147084     0.115941   1.0935e+30       206000   0.00170531 
     1.4e+06            5        8.694    0.0212217  -0.00443629   1.0935e+30       206000 -9.41457e-05 
     1.4e+06           50        8.694    0.0142093     0.148424   1.0935e+30       206000     0.002109 
     1.4e+06           55        8.694    0.0131434     0.179185   1.0935e+30       206000   0.00235511 
     1.4e+06           60        8.694    0.0114718     0.201012   1.0935e+30       206000   0.00230598 
     1.4e+06           65        8.694    0.0112175     0.218678   1.0935e+30       206000   0.00245303 
     1.4e+06           70        8.694   0.00819658     0.230947   1.0935e+30       206000   0.00189297 
     1.4e+06           75        8.694   0.00789084     0.239547   1.0935e+30       206000   0.00189023 
     1.4e+06           80        8.694   0.00700708      0.24095   1.0935e+30       206000   0.00168836 
     1.4e+06           85        8.694   0.00496728     0.239625   1.0935e+30       206000   0.00119028 
     1.4e+06           90        8.694   0.00477508     0.228778   1.0935e+30       206000   0.00109243 
     1.4e+06           10        4.554    0.0257708    -0.015087   1.0935e+30       206000 -0.000388805 
     1.4e+06           15        4.554    0.0255289    -0.026245   1.0935e+30       206000 -0.000670006 
     1.4e+06           20        4.554    0.0281334   -0.0255484   1.0935e+30       206000 -0.000718761 
     1.4e+06           25        4.554    0.0274807   -0.0124556   1.0935e+30       206000 -0.000342289 
     1.4e+06           30        4.554    0.0288585    0.0187062   1.0935e+30       206000  0.000539831 
     1.4e+06           35        4.554    0.0263198    0.0484196   1.0935e+30       206000   0.00127439 
     1.4e+06           40        4.554    0.0254034    0.0748821   1.0935e+30       206000   0.00190226 
     1.4e+06           45        4.554    0.0221071    0.0917549   1.0935e+30       206000   0.00202843 
     1.4e+06            5        4.554    0.0236542  -0.00386444   1.0935e+30       206000 -9.14102e-05 
     1.4e+06           50        4.554    0.0212549    0.0981645   1.0935e+30       206000   0.00208648 
     1.4e+06           55        4.554    0.0191251      0.10077   1.0935e+30       206000   0.00192723 
     1.4e+06           60        4.554    0.0162079    0.0995961   1.0935e+30       206000   0.00161424 
     1.4e+06           65        4.554    0.0154594    0.0978322   1.0935e+30       206000   0.00151242 
     1.4e+06           70        4.554    0.0112028     0.096772   1.0935e+30       206000   0.00108411 
     1.4e+06           75        4.554    0.0108354    0.0976415   1.0935e+30       206000   0.00105799 
     1.4e+06           80        4.554   0.00966577    0.0998256   1.0935e+30       206000  0.000964892 
     1.4e+06           85        4.554   0.00688474     0.102776   1.0935e+30       206000  0.000707585 
     1.4e+06           90        4.554   0.00667866     0.106525   1.0935e+30       206000  0.000711442 
     1.4e+06           10         6.21     0.025347   -0.0147222   1.0935e+30       206000 -0.000373164 
     1.4e+06           15         6.21    0.0247635   -0.0233879   1.0935e+30       206000 -0.000579165 
     1.4e+06           20         6.21    0.0266232   -0.0183197   1.0935e+30       206000  -0.00048773 
     1.4e+06           25         6.21    0.0253326 -0.000389806   1.0935e+30       206000 -9.87482e-06 
     1.4e+06           30         6.21    0.0258336    0.0366648   1.0935e+30       206000  0.000947186 
     1.4e+06           35         6.21    0.0228925    0.0751736   1.0935e+30       206000   0.00172091 
     1.4e+06           40         6.21    0.0213508     0.115803   1.0935e+30       206000    0.0024725 
     1.4e+06           45         6.21    0.0180186     0.149295   1.0935e+30       206000   0.00269009 
     1.4e+06            5         6.21    0.0232889  -0.00384492   1.0935e+30       206000  -8.9544e-05 
     1.4e+06           50         6.21    0.0173709     0.170333   1.0935e+30       206000   0.00295884 
     1.4e+06           55         6.21     0.016235     0.187474   1.0935e+30       206000   0.00304363 
     1.4e+06           60         6.21    0.0143402     0.197186   1.0935e+30       206000   0.00282769 
     1.4e+06           65         6.21    0.0141758     0.204299   1.0935e+30       206000   0.00289611 
     1.4e+06           70         6.21    0.0104196     0.209308   1.0935e+30       206000    0.0021809 
     1.4e+06           75         6.21    0.0100626       0.2138   1.0935e+30       206000   0.00215138 
     1.4e+06           80         6.21   0.00895688     0.215694   1.0935e+30       206000   0.00193194 
     1.4e+06           85         6.21   0.00635882       0.2166   1.0935e+30       206000   0.00137732 
     1.4e+06           90         6.21   0.00612206     0.213055   1.0935e+30       206000   0.00130433 
     1.4e+06           10         8.28    0.0236371   -0.0166553   1.0935e+30       206000 -0.000393683 
     1.4e+06           15         8.28    0.0226786   -0.0291456   1.0935e+30       206000 -0.000660982 
     1.4e+06           20         8.28    0.0235991    -0.028879   1.0935e+30       206000 -0.000681517 
     1.4e+06           25         8.28     0.021687   -0.0176683   1.0935e+30       206000 -0.000383172 
     1.4e+06           30         8.28    0.0214761   0.00866494   1.0935e+30       206000  0.000186089 
     1.4e+06           35         8.28    0.0189752    0.0408529   1.0935e+30       206000  0.000775193 
     1.4e+06           40         8.28     0.017964    0.0816569   1.0935e+30       206000   0.00146688 
     1.4e+06           45         8.28    0.0153887     0.121521   1.0935e+30       206000   0.00187005 
     1.4e+06            5         8.28    0.0217471  -0.00433773   1.0935e+30       206000  -9.4333e-05 
     1.4e+06           50         8.28    0.0148824     0.152089   1.0935e+30       206000   0.00226345 
     1.4e+06           55         8.28    0.0137968     0.180579   1.0935e+30       206000   0.00249141 
     1.4e+06           60         8.28    0.0120687     0.200384   1.0935e+30       206000   0.00241837 
     1.4e+06           65         8.28    0.0118207     0.216283   1.0935e+30       206000   0.00255661 
     1.4e+06           70         8.28    0.0086374     0.227336   1.0935e+30       206000   0.00196359 
     1.4e+06           75         8.28   0.00830261     0.235254   1.0935e+30       206000   0.00195322 
     1.4e+06           80         8.28    0.0073599      0.23674   1.0935e+30       206000   0.00174238 
     1.4e+06           85         8.28   0.00520581     0.235794   1.0935e+30       206000    0.0012275 
     1.4e+06           90         8.28   0.00498081     0.226177   1.0935e+30       206000   0.00112655 
     1.4e+06           10        7.659     0.024093   -0.0160786   1.0935e+30       206000 -0.000387381 
     1.4e+06           15        7.659    0.0232843   -0.0274315   1.0935e+30       206000 -0.000638724 
     1.4e+06           20        7.659    0.0245492   -0.0257163   1.0935e+30       206000 -0.000631316 
     1.4e+06           25        7.659    0.0228788   -0.0124778   1.0935e+30       206000 -0.000285478 
     1.4e+06           30        7.659    0.0229501    0.0171003   1.0935e+30       206000  0.000392453 
     1.4e+06           35        7.659    0.0203794    0.0512118   1.0935e+30       206000   0.00104367 
     1.4e+06           40        7.659    0.0193025    0.0919661   1.0935e+30       206000   0.00177517 
     1.4e+06           45        7.659    0.0165406     0.129888   1.0935e+30       206000   0.00214843 
     1.4e+06            5        7.659    0.0221545  -0.00418989   1.0935e+30       206000  -9.2825e-05 
     1.4e+06           50        7.659    0.0160178     0.157576   1.0935e+30       206000   0.00252402 
     1.4e+06           55        7.659    0.0148907     0.182656   1.0935e+30       206000   0.00271987 
     1.4e+06           60        7.659    0.0130612     0.199432   1.0935e+30       206000   0.00260481 
     1.4e+06           65        7.659    0.0128174     0.212686   1.0935e+30       206000   0.00272608 
     1.4e+06           70        7.659   0.00936243     0.221922   1.0935e+30       206000   0.00207773 
     1.4e+06           75        7.659   0.00897621     0.228813   1.0935e+30       206000   0.00205387 
     1.4e+06           80        7.659   0.00793446     0.230423   1.0935e+30       206000   0.00182829 
     1.4e+06           85        7.659   0.00559288     0.230044   1.0935e+30       206000   0.00128661 
     1.4e+06           90        7.659   0.00531301     0.222269   1.0935e+30       206000   0.00118092 
     1.4e+06           10        3.726    0.0256863   -0.0178695   1.0935e+30       206000 -0.000459003 
     1.4e+06           15        3.726    0.0255474   -0.0379329   1.0935e+30       206000 -0.000969087 
     1.4e+06           20        3.726    0.0283551   -0.0506423   1.0935e+30       206000  -0.00143597 
     1.4e+06           25        3.726    0.0279065   -0.0538936   1.0935e+30       206000  -0.00150398 
     1.4e+06           30        3.726    0.0293193   -0.0458271   1.0935e+30       206000  -0.00134362 
     1.4e+06           35        3.726    0.0261986   -0.0395549   1.0935e+30       206000  -0.00103628 
     1.4e+06           40        3.726    0.0243155   -0.0391569   1.0935e+30       206000 -0.000952121 
     1.4e+06           45        3.726     0.020372   -0.0455009   1.0935e+30       206000 -0.000926943 
     1.4e+06            5        3.726    0.0235697  -0.00443549   1.0935e+30       206000 -0.000104543 
     1.4e+06           50        3.726    0.0193344   -0.0552954   1.0935e+30       206000   -0.0010691 
     1.4e+06           55        3.726    0.0175555   -0.0674482   1.0935e+30       206000  -0.00118409 
     1.4e+06           60        3.726     0.015076   -0.0780209   1.0935e+30       206000  -0.00117624 
     1.4e+06           65        3.726    0.0145135   -0.0867786   1.0935e+30       206000  -0.00125946 
     1.4e+06           70        3.726    0.0104954   -0.0925654   1.0935e+30       206000 -0.000971511 
     1.4e+06           75        3.726    0.0100159    -0.094722   1.0935e+30       206000 -0.000948729 
     1.4e+06           80        3.726   0.00886991   -0.0924545   1.0935e+30       206000 -0.000820063 
     1.4e+06           85        3.726   0.00632368   -0.0876954   1.0935e+30       206000 -0.000554558 
     1.4e+06           90        3.726   0.00621119   -0.0769801   1.0935e+30       206000 -0.000478139 
     1.4e+06           10        3.105    0.0215942   -0.0199687   1.0935e+30       206000  -0.00043121 
     1.4e+06           15        3.105    0.0216492   -0.0468116   1.0935e+30       206000  -0.00101343 
     1.4e+06           20        3.105    0.0243694   -0.0696039   1.0935e+30       206000  -0.00169621 
     1.4e+06           25        3.105    0.0243426   -0.0850671   1.0935e+30       206000  -0.00207075 
     1.4e+06           30        3.105    0.0259619   -0.0941764   1.0935e+30       206000  -0.00244499 
     1.4e+06           35        3.105    0.0234462    -0.105332   1.0935e+30       206000  -0.00246963 
     1.4e+06           40        3.105    0.0219772     -0.12452   1.0935e+30       206000  -0.00273661 
     1.4e+06           45        3.105    0.0185944    -0.148448   1.0935e+30       206000   -0.0027603 
     1.4e+06            5        3.105    0.0198032  -0.00486378   1.0935e+30       206000 -9.63184e-05 
     1.4e+06           50        3.105    0.0177768    -0.170456   1.0935e+30       206000  -0.00303016 
     1.4e+06           55        3.105    0.0162524    -0.193663   1.0935e+30       206000   -0.0031475 
     1.4e+06           60        3.105    0.0140383     -0.21126   1.0935e+30       206000  -0.00296573 
     1.4e+06           65        3.105    0.0135777    -0.225246   1.0935e+30       206000  -0.00305832 
     1.4e+06           70        3.105   0.00982823    -0.234567   1.0935e+30       206000  -0.00230538 
     1.4e+06           75        3.105   0.00935846    -0.238989   1.0935e+30       206000  -0.00223656 
     1.4e+06           80        3.105    0.0082768    -0.236667   1.0935e+30       206000  -0.00195885 
     1.4e+06           85        3.105   0.00590021    -0.230552   1.0935e+30       206000   -0.0013603 
     1.4e+06           90        3.105   0.00580328    -0.214606   1.0935e+30       206000  -0.00124542 
     1.4e+06           10        5.796    0.0257574   -0.0143334   1.0935e+30       206000  -0.00036919 
     1.4e+06           15        5.796    0.0252258   -0.0222255   1.0935e+30       206000 -0.000560657 
     1.4e+06           20        5.796    0.0272388   -0.0162014   1.0935e+30       206000 -0.000441308 
     1.4e+06           25        5.796    0.0260389    0.0030658   1.0935e+30       206000  7.98299e-05 
     1.4e+06           30        5.796    0.0267121    0.0423416   1.0935e+30       206000   0.00113103 
     1.4e+06           35        5.796    0.0238579    0.0822081   1.0935e+30       206000   0.00196131 
     1.4e+06           40        5.796     0.022493     0.122819   1.0935e+30       206000   0.00276257 
     1.4e+06           45        5.796    0.0191734     0.154933   1.0935e+30       206000   0.00297058 
     1.4e+06            5        5.796    0.0236617  -0.00374636   1.0935e+30       206000 -8.86452e-05 
     1.4e+06           50        5.796    0.0184993     0.173933   1.0935e+30       206000   0.00321765 
     1.4e+06           55        5.796    0.0171448     0.188791   1.0935e+30       206000   0.00323677 
     1.4e+06           60        5.796    0.0150012     0.196509   1.0935e+30       206000   0.00294788 
     1.4e+06           65        5.796    0.0147142     0.201888   1.0935e+30       206000   0.00297062 
     1.4e+06           70        5.796     0.010792     0.205702   1.0935e+30       206000   0.00221995 
     1.4e+06           75        5.796    0.0104476      0.20951   1.0935e+30       206000   0.00218888 
     1.4e+06           80        5.796   0.00930848     0.211483   1.0935e+30       206000   0.00196858 
     1.4e+06           85        5.796   0.00660147     0.212764   1.0935e+30       206000   0.00140456 
     1.4e+06           90        5.796   0.00632659     0.210443   1.0935e+30       206000   0.00133139 
     1.4e+06           10        6.831    0.0247723   -0.0153056   1.0935e+30       206000 -0.000379154 
     1.4e+06           15        6.831    0.0241234   -0.0251266   1.0935e+30       206000 -0.000606137 
     1.4e+06           20        6.831     0.025784   -0.0214872   1.0935e+30       206000 -0.000554026 
     1.4e+06           25        6.831    0.0243822  -0.00555653   1.0935e+30       206000  -0.00013548 
     1.4e+06           30        6.831    0.0246659    0.0281849   1.0935e+30       206000  0.000695205 
     1.4e+06           35        6.831    0.0216234    0.0646439   1.0935e+30       206000   0.00139782 
     1.4e+06           40        6.831    0.0198686      0.10529   1.0935e+30       206000   0.00209195 
     1.4e+06           45        6.831    0.0165369     0.140829   1.0935e+30       206000   0.00232887 
     1.4e+06            5        6.831    0.0227663  -0.00399276   1.0935e+30       206000 -9.09006e-05 
     1.4e+06           50        6.831    0.0159244     0.164942   1.0935e+30       206000    0.0026266 
     1.4e+06           55        6.831    0.0150576     0.185525   1.0935e+30       206000   0.00279356 
     1.4e+06           60        6.831    0.0134752     0.198225   1.0935e+30       206000   0.00267113 
     1.4e+06           65        6.831    0.0134644     0.207926   1.0935e+30       206000    0.0027996 
     1.4e+06           70        6.831   0.00992588     0.214715   1.0935e+30       206000   0.00213124 
     1.4e+06           75        6.831   0.00955383     0.220234   1.0935e+30       206000   0.00210408 
     1.4e+06           80        6.831   0.00847834     0.222005   1.0935e+30       206000   0.00188224 
     1.4e+06           85        6.831   0.00600209     0.222359   1.0935e+30       206000   0.00133462 
     1.4e+06           90        6.831   0.00575003     0.216997   1.0935e+30       206000   0.00124774 
     1.4e+06           10        5.175    0.0255452   -0.0137546   1.0935e+30       206000 -0.000351364 
     1.4e+06           15        5.175    0.0252309   -0.0204685   1.0935e+30       206000 -0.000516439 
     1.4e+06           20        5.175    0.0276597   -0.0129683   1.0935e+30       206000 -0.000358698 
     1.4e+06           25        5.175    0.0268686   0.00836169   1.0935e+30       206000  0.000224667 
     1.4e+06           30        5.175    0.0280318     0.050971   1.0935e+30       206000   0.00142881 
     1.4e+06           35        5.175    0.0253801    0.0927464   1.0935e+30       206000   0.00235392 
     1.4e+06           40        5.175    0.0242699     0.133305   1.0935e+30       206000   0.00323529 
     1.4e+06           45        5.175    0.0209488     0.163354   1.0935e+30       206000   0.00342207 
     1.4e+06            5        5.175    0.0234521  -0.00359851   1.0935e+30       206000 -8.43928e-05 
     1.4e+06           50        5.175      0.02018     0.179328   1.0935e+30       206000   0.00361885 
     1.4e+06           55        5.175    0.0183938      0.19079   1.0935e+30       206000   0.00350937 
     1.4e+06           60        5.175    0.0158063      0.19552   1.0935e+30       206000   0.00309045 
     1.4e+06           65        5.175    0.0152576      0.19828   1.0935e+30       206000   0.00302528 
     1.4e+06           70        5.175    0.0111071     0.200289   1.0935e+30       206000   0.00222462 
     1.4e+06           75        5.175    0.0107323     0.203071   1.0935e+30       206000   0.00217941 
     1.4e+06           80        5.175   0.00956363     0.205174   1.0935e+30       206000   0.00196221 
     1.4e+06           85        5.175   0.00680347     0.207007   1.0935e+30       206000   0.00140837 
     1.4e+06           90        5.175   0.00658294       0.2065   1.0935e+30       206000   0.00135938 
     1.4e+06           10        10.35    0.0210669   -0.0189931   1.0935e+30       206000 -0.000400126 
     1.4e+06           15        10.35    0.0200446   -0.0352577   1.0935e+30       206000 -0.000706726 
     1.4e+06           20        10.35    0.0205441   -0.0394587   1.0935e+30       206000 -0.000810643 
     1.4e+06           25        10.35    0.0185749   -0.0347297   1.0935e+30       206000 -0.000645101 
     1.4e+06           30        10.35    0.0181295   -0.0187011   1.0935e+30       206000 -0.000339041 
     1.4e+06           35        10.35    0.0159536   0.00651499   1.0935e+30       206000  0.000103937 
     1.4e+06           40        10.35    0.0151415    0.0457573   1.0935e+30       206000  0.000692836 
     1.4e+06           45        10.35    0.0129915    0.0896412   1.0935e+30       206000   0.00116457 
     1.4e+06            5        10.35    0.0193945  -0.00499268   1.0935e+30       206000 -9.68304e-05 
     1.4e+06           50        10.35    0.0124623     0.127139   1.0935e+30       206000   0.00158445 
     1.4e+06           55        10.35    0.0113184     0.164536   1.0935e+30       206000   0.00186229 
     1.4e+06           60        10.35   0.00969756     0.192671   1.0935e+30       206000   0.00186844 
     1.4e+06           65        10.35   0.00933963     0.216166   1.0935e+30       206000   0.00201891 
     1.4e+06           70        10.35   0.00679771     0.232564   1.0935e+30       206000    0.0015809 
     1.4e+06           75        10.35   0.00657973     0.243495   1.0935e+30       206000   0.00160213 
     1.4e+06           80        10.35   0.00585021      0.24491   1.0935e+30       206000   0.00143277 
     1.4e+06           85        10.35   0.00412811      0.24257   1.0935e+30       206000   0.00100135 
     1.4e+06           90        10.35   0.00390452     0.228367   1.0935e+30       206000  0.000891662 
     1.4e+06           10        9.729    0.0217122   -0.0180098   1.0935e+30       206000 -0.000391033 
     1.4e+06           15        9.729    0.0206521   -0.0331337   1.0935e+30       206000 -0.000684281 
     1.4e+06           20        9.729    0.0211547   -0.0361785   1.0935e+30       206000 -0.000765346 
     1.4e+06           25        9.729    0.0191153   -0.0296077   1.0935e+30       206000 -0.000565959 
     1.4e+06           30        9.729     0.018637   -0.0108354   1.0935e+30       206000  -0.00020194 
     1.4e+06           35        9.729    0.0163656    0.0166994   1.0935e+30       206000  0.000273296 
     1.4e+06           40        9.729    0.0154826    0.0576025   1.0935e+30       206000  0.000891837 
     1.4e+06           45        9.729     0.013253      0.10199   1.0935e+30       206000   0.00135168 
     1.4e+06            5        9.729     0.019989   -0.0046827   1.0935e+30       206000 -9.36026e-05 
     1.4e+06           50        9.729    0.0127719     0.139254   1.0935e+30       206000   0.00177855 
     1.4e+06           55        9.729    0.0117533     0.175689   1.0935e+30       206000   0.00206492 
     1.4e+06           60        9.729    0.0102065      0.20257   1.0935e+30       206000   0.00206754 
     1.4e+06           65        9.729   0.00994229     0.224663   1.0935e+30       206000   0.00223366 
     1.4e+06           70        9.729   0.00726451     0.239975   1.0935e+30       206000    0.0017433 
     1.4e+06           75        9.729   0.00701804     0.250282   1.0935e+30       206000   0.00175649 
     1.4e+06           80        9.729   0.00623711     0.251478   1.0935e+30       206000   0.00156849 
     1.4e+06           85        9.729   0.00440831     0.249238   1.0935e+30       206000   0.00109872 
     1.4e+06           90        9.729   0.00419361     0.235385   1.0935e+30       206000  0.000987114 
     1.4e+06           10        9.315     0.022182   -0.0176231   1.0935e+30       206000 -0.000390917 
     1.4e+06           15        9.315    0.0211525   -0.0319979   1.0935e+30       206000 -0.000676835 
     1.4e+06           20        9.315    0.0217674   -0.0340978   1.0935e+30       206000 -0.000742221 
     1.4e+06           25        9.315    0.0197665   -0.0262026   1.0935e+30       206000 -0.000517935 
     1.4e+06           30        9.315    0.0193602  -0.00527049   1.0935e+30       206000 -0.000102038 
     1.4e+06           35        9.315    0.0170315    0.0236001   1.0935e+30       206000  0.000401944 
     1.4e+06           40        9.315    0.0161157    0.0644751   1.0935e+30       206000   0.00103906 
     1.4e+06           45        9.315    0.0137978     0.107571   1.0935e+30       206000   0.00148424 
     1.4e+06            5        9.315    0.0204177  -0.00458414   1.0935e+30       206000 -9.35974e-05 
     1.4e+06           50        9.315    0.0133095     0.142923   1.0935e+30       206000   0.00190224 
     1.4e+06           55        9.315    0.0122723     0.177089   1.0935e+30       206000    0.0021733 
     1.4e+06           60        9.315    0.0106782     0.201949   1.0935e+30       206000   0.00215646 
     1.4e+06           65        9.315    0.0104171      0.22227   1.0935e+30       206000   0.00231541 
     1.4e+06           70        9.315   0.00761157     0.236364   1.0935e+30       206000    0.0017991 
     1.4e+06           75        9.315   0.00734339     0.245988   1.0935e+30       206000   0.00180639 
     1.4e+06           80        9.315   0.00652419     0.247266   1.0935e+30       206000   0.00161321 
     1.4e+06           85        9.315   0.00461652     0.245392   1.0935e+30       206000   0.00113286 
     1.4e+06           90        9.315   0.00440948     0.232741   1.0935e+30       206000   0.00102627 
     1.4e+06           10         4.14    0.0257753   -0.0164794   1.0935e+30       206000 -0.000424763 
     1.4e+06           15         4.14    0.0256125   -0.0320877   1.0935e+30       206000 -0.000821849 
     1.4e+06           20         4.14    0.0283813   -0.0380856   1.0935e+30       206000  -0.00108092 
     1.4e+06           25         4.14    0.0278845   -0.0331526   1.0935e+30       206000 -0.000924442 
     1.4e+06           30         4.14    0.0293307   -0.0135801   1.0935e+30       206000 -0.000398313 
     1.4e+06           35         4.14    0.0264531   0.00434593   1.0935e+30       206000  0.000114963 
     1.4e+06           40         4.14    0.0249692    0.0177663   1.0935e+30       206000   0.00044361 
     1.4e+06           45         4.14    0.0212716    0.0230788   1.0935e+30       206000  0.000490924 
     1.4e+06            5         4.14    0.0236529  -0.00414997   1.0935e+30       206000 -9.81588e-05 
     1.4e+06           50         4.14    0.0203524    0.0214334   1.0935e+30       206000  0.000436221 
     1.4e+06           55         4.14    0.0185088    0.0166598   1.0935e+30       206000  0.000308354 
     1.4e+06           60         4.14    0.0158904    0.0107827   1.0935e+30       206000  0.000171342 
     1.4e+06           65         4.14    0.0152853   0.00552653   1.0935e+30       206000   8.4475e-05 
     1.4e+06           70         4.14    0.0110339   0.00210617   1.0935e+30       206000  2.32393e-05 
     1.4e+06           75         4.14    0.0104955   0.00145523   1.0935e+30       206000  1.52734e-05 
     1.4e+06           80         4.14   0.00926644    0.0036791   1.0935e+30       206000  3.40922e-05 
     1.4e+06           85         4.14   0.00658711    0.0075375   1.0935e+30       206000  4.96503e-05 
     1.4e+06           90         4.14   0.00643614    0.0147656   1.0935e+30       206000  9.50335e-05 
