     1.5e+06           10         2.07    0.0178027   -0.0239324   1.0935e+30       206000 -0.000426062 
     1.5e+06           15         2.07    0.0167172   -0.0607896   1.0935e+30       206000  -0.00101623 
     1.5e+06           20         2.07    0.0180261     -0.10366   1.0935e+30       206000  -0.00186859 
     1.5e+06           25         2.07    0.0186796    -0.141811   1.0935e+30       206000  -0.00264898 
     1.5e+06           30         2.07    0.0167347    -0.176219   1.0935e+30       206000  -0.00294898 
     1.5e+06           35         2.07    0.0169951    -0.222407   1.0935e+30       206000  -0.00377983 
     1.5e+06           40         2.07    0.0154835    -0.269263   1.0935e+30       206000  -0.00416913 
     1.5e+06           45         2.07    0.0126846    -0.320089   1.0935e+30       206000  -0.00406021 
     1.5e+06            5         2.07    0.0157224  -0.00554584   1.0935e+30       206000 -8.71939e-05 
     1.5e+06           50         2.07    0.0127758    -0.366039   1.0935e+30       206000  -0.00467645 
     1.5e+06           55         2.07    0.0117182    -0.406924   1.0935e+30       206000  -0.00476844 
     1.5e+06           60         2.07    0.0101257    -0.439363   1.0935e+30       206000  -0.00444885 
     1.5e+06           65         2.07   0.00813753    -0.458803   1.0935e+30       206000  -0.00373352 
     1.5e+06           70         2.07   0.00849724    -0.473934   1.0935e+30       206000  -0.00402713 
     1.5e+06           75         2.07   0.00721192    -0.478837   1.0935e+30       206000  -0.00345333 
     1.5e+06           80         2.07   0.00659411    -0.474258   1.0935e+30       206000  -0.00312731 
     1.5e+06           85         2.07    0.0049651    -0.454651   1.0935e+30       206000  -0.00225739 
     1.5e+06           90         2.07   0.00333146    -0.437046   1.0935e+30       206000    -0.001456 
     1.5e+06           10        2.484    0.0233272   -0.0224646   1.0935e+30       206000 -0.000524037 
     1.5e+06           15        2.484    0.0217348   -0.0548562   1.0935e+30       206000  -0.00119229 
     1.5e+06           20        2.484    0.0230722   -0.0903655   1.0935e+30       206000  -0.00208493 
     1.5e+06           25        2.484    0.0235261    -0.119474   1.0935e+30       206000  -0.00281075 
     1.5e+06           30        2.484    0.0207997    -0.143428   1.0935e+30       206000  -0.00298326 
     1.5e+06           35        2.484    0.0209221    -0.176424   1.0935e+30       206000  -0.00369117 
     1.5e+06           40        2.484    0.0189549    -0.211708   1.0935e+30       206000  -0.00401292 
     1.5e+06           45        2.484    0.0154324    -0.251375   1.0935e+30       206000  -0.00387932 
     1.5e+06            5        2.484    0.0206169  -0.00526071   1.0935e+30       206000 -0.000108459 
     1.5e+06           50        2.484     0.015442    -0.288548   1.0935e+30       206000  -0.00445576 
     1.5e+06           55        2.484     0.014067    -0.322314   1.0935e+30       206000    -0.004534 
     1.5e+06           60        2.484    0.0120678    -0.349661   1.0935e+30       206000  -0.00421962 
     1.5e+06           65        2.484   0.00964046     -0.36604   1.0935e+30       206000   -0.0035288 
     1.5e+06           70        2.484   0.00997381    -0.378788   1.0935e+30       206000  -0.00377796 
     1.5e+06           75        2.484   0.00839107    -0.382719   1.0935e+30       206000  -0.00321142 
     1.5e+06           80        2.484   0.00763093    -0.378421   1.0935e+30       206000  -0.00288771 
     1.5e+06           85        2.484   0.00573206    -0.361341   1.0935e+30       206000  -0.00207123 
     1.5e+06           90        2.484   0.00384472    -0.346366   1.0935e+30       206000  -0.00133168 
     1.5e+06           10        8.694    0.0239821    -0.017257   1.0935e+30       206000 -0.000413859 
     1.5e+06           15        8.694    0.0220649   -0.0302449   1.0935e+30       206000 -0.000667352 
     1.5e+06           20        8.694    0.0228318   -0.0304863   1.0935e+30       206000 -0.000696058 
     1.5e+06           25        8.694    0.0226755   -0.0182874   1.0935e+30       206000 -0.000414676 
     1.5e+06           30        8.694    0.0196688   0.00419238   1.0935e+30       206000  8.24591e-05 
     1.5e+06           35        8.694    0.0197055    0.0403752   1.0935e+30       206000  0.000795614 
     1.5e+06           40        8.694    0.0179465    0.0765556   1.0935e+30       206000   0.00137391 
     1.5e+06           45        8.694    0.0147084     0.115925   1.0935e+30       206000   0.00170508 
     1.5e+06            5        8.694    0.0212217  -0.00441206   1.0935e+30       206000 -9.36315e-05 
     1.5e+06           50        8.694     0.014906     0.151731   1.0935e+30       206000    0.0022617 
     1.5e+06           55        8.694    0.0138382     0.181795   1.0935e+30       206000   0.00251573 
     1.5e+06           60        8.694    0.0121168     0.206196   1.0935e+30       206000   0.00249843 
     1.5e+06           65        8.694   0.00978504     0.220745   1.0935e+30       206000      0.00216 
     1.5e+06           70        8.694    0.0101232     0.233686   1.0935e+30       206000   0.00236564 
     1.5e+06           75        8.694   0.00847513     0.240175   1.0935e+30       206000   0.00203551 
     1.5e+06           80        8.694   0.00758034     0.240562   1.0935e+30       206000   0.00182354 
     1.5e+06           85        8.694   0.00546045     0.233821   1.0935e+30       206000   0.00127677 
     1.5e+06           90        8.694   0.00354946     0.225337   1.0935e+30       206000  0.000799824 
     1.5e+06           10        4.554    0.0268192   -0.0152688   1.0935e+30       206000 -0.000409496 
     1.5e+06           15        4.554    0.0255289   -0.0262087   1.0935e+30       206000 -0.000669078 
     1.5e+06           20        4.554    0.0282859   -0.0249948   1.0935e+30       206000 -0.000707002 
     1.5e+06           25        4.554    0.0301415  -0.00836835   1.0935e+30       206000 -0.000252234 
     1.5e+06           30        4.554    0.0276575    0.0202077   1.0935e+30       206000  0.000558895 
     1.5e+06           35        4.554    0.0287006    0.0531726   1.0935e+30       206000   0.00152609 
     1.5e+06           40        4.554    0.0265682    0.0756498   1.0935e+30       206000   0.00200988 
     1.5e+06           45        4.554    0.0221071     0.091742   1.0935e+30       206000   0.00202815 
     1.5e+06            5        4.554    0.0236542  -0.00383508   1.0935e+30       206000 -9.07156e-05 
     1.5e+06           50        4.554    0.0222494    0.0984231   1.0935e+30       206000   0.00218986 
     1.5e+06           55        4.554    0.0200517      0.10033   1.0935e+30       206000   0.00201179 
     1.5e+06           60        4.554    0.0169634    0.0985834   1.0935e+30       206000   0.00167231 
     1.5e+06           65        4.554    0.0134401      0.09756   1.0935e+30       206000   0.00131122 
     1.5e+06           70        4.554    0.0138563    0.0967797   1.0935e+30       206000   0.00134101 
     1.5e+06           75        4.554    0.0116501    0.0978456   1.0935e+30       206000   0.00113991 
     1.5e+06           80        4.554    0.0104729     0.100826   1.0935e+30       206000   0.00105595 
     1.5e+06           85        4.554    0.0076084     0.105181   1.0935e+30       206000  0.000800257 
     1.5e+06           90        4.554    0.0049748     0.107044   1.0935e+30       206000  0.000532521 
     1.5e+06           10         6.21    0.0263705   -0.0148695   1.0935e+30       206000 -0.000392117 
     1.5e+06           15         6.21    0.0247635   -0.0233531   1.0935e+30       206000 -0.000578305 
     1.5e+06           20         6.21    0.0267044   -0.0173173   1.0935e+30       206000 -0.000462448 
     1.5e+06           25         6.21    0.0276749   0.00437677   1.0935e+30       206000  0.000121126 
     1.5e+06           30         6.21    0.0247289    0.0384391   1.0935e+30       206000  0.000950557 
     1.5e+06           35         6.21    0.0248244    0.0818914   1.0935e+30       206000   0.00203291 
     1.5e+06           40         6.21    0.0222959     0.117245   1.0935e+30       206000   0.00261409 
     1.5e+06           45         6.21    0.0180186     0.149275   1.0935e+30       206000   0.00268971 
     1.5e+06            5         6.21    0.0232889  -0.00381752   1.0935e+30       206000  -8.8906e-05 
     1.5e+06           50         6.21    0.0182336     0.172063   1.0935e+30       206000   0.00313733 
     1.5e+06           55         6.21     0.017122     0.188316   1.0935e+30       206000   0.00322435 
     1.5e+06           60         6.21    0.0152029     0.198819   1.0935e+30       206000   0.00302263 
     1.5e+06           65         6.21    0.0123837     0.205083   1.0935e+30       206000   0.00253969 
     1.5e+06           70         6.21    0.0128814     0.210529   1.0935e+30       206000   0.00271192 
     1.5e+06           75         6.21    0.0108155     0.214093   1.0935e+30       206000   0.00231551 
     1.5e+06           80         6.21   0.00969421     0.216044   1.0935e+30       206000   0.00209438 
     1.5e+06           85         6.21   0.00699635     0.214956   1.0935e+30       206000   0.00150391 
     1.5e+06           90         6.21   0.00455227     0.211513   1.0935e+30       206000  0.000962864 
     1.5e+06           10         8.28    0.0245823   -0.0168589   1.0935e+30       206000 -0.000414431 
     1.5e+06           15         8.28    0.0226786   -0.0291042   1.0935e+30       206000 -0.000660044 
     1.5e+06           20         8.28    0.0235967   -0.0283079   1.0935e+30       206000 -0.000667974 
     1.5e+06           25         8.28     0.023569    -0.014548   1.0935e+30       206000 -0.000342881 
     1.5e+06           30         8.28    0.0205333   0.00988909   1.0935e+30       206000  0.000203056 
     1.5e+06           35         8.28    0.0206103    0.0473329   1.0935e+30       206000  0.000975546 
     1.5e+06           40         8.28    0.0187724    0.0833759   1.0935e+30       206000   0.00156516 
     1.5e+06           45         8.28    0.0153887     0.121504   1.0935e+30       206000    0.0018698 
     1.5e+06            5         8.28    0.0217471  -0.00431297   1.0935e+30       206000 -9.37945e-05 
     1.5e+06           50         8.28    0.0156153     0.155132   1.0935e+30       206000   0.00242243 
     1.5e+06           55         8.28    0.0145307     0.182893   1.0935e+30       206000   0.00265756 
     1.5e+06           60         8.28    0.0127558     0.204974   1.0935e+30       206000    0.0026146 
     1.5e+06           65         8.28    0.0103134     0.218134   1.0935e+30       206000    0.0022497 
     1.5e+06           70         8.28    0.0106625     0.229821   1.0935e+30       206000   0.00245047 
     1.5e+06           75         8.28   0.00891431     0.235826   1.0935e+30       206000   0.00210223 
     1.5e+06           80         8.28   0.00795619     0.236478   1.0935e+30       206000   0.00188146 
     1.5e+06           85         8.28   0.00570698     0.230696   1.0935e+30       206000   0.00131658 
     1.5e+06           90         8.28   0.00369835     0.223046   1.0935e+30       206000  0.000824901 
     1.5e+06           10        7.659    0.0250602   -0.0162655   1.0935e+30       206000 -0.000407618 
     1.5e+06           15        7.659    0.0232843   -0.0273922   1.0935e+30       206000 -0.000637809 
     1.5e+06           20        7.659     0.024578   -0.0250145   1.0935e+30       206000 -0.000614805 
     1.5e+06           25        7.659    0.0249162  -0.00886245   1.0935e+30       206000 -0.000220819 
     1.5e+06           30        7.659    0.0219542     0.018489   1.0935e+30       206000  0.000405911 
     1.5e+06           35        7.659    0.0221424    0.0577701   1.0935e+30       206000   0.00127917 
     1.5e+06           40        7.659    0.0201712    0.0936064   1.0935e+30       206000   0.00188815 
     1.5e+06           45        7.659    0.0165406      0.12987   1.0935e+30       206000   0.00214813 
     1.5e+06            5        7.659    0.0221545  -0.00416434   1.0935e+30       206000 -9.22589e-05 
     1.5e+06           50        7.659     0.016811     0.160222   1.0935e+30       206000   0.00269351 
     1.5e+06           55        7.659    0.0156889     0.184528   1.0935e+30       206000   0.00289503 
     1.5e+06           60        7.659    0.0138162     0.203133   1.0935e+30       206000   0.00280652 
     1.5e+06           65        7.659    0.0111858     0.214216   1.0935e+30       206000   0.00239618 
     1.5e+06           70        7.659    0.0115481     0.224024   1.0935e+30       206000   0.00258706 
     1.5e+06           75        7.659   0.00963183     0.229302   1.0935e+30       206000    0.0022086 
     1.5e+06           80        7.659   0.00856757     0.230349   1.0935e+30       206000   0.00197353 
     1.5e+06           85        7.659   0.00610591        0.226   1.0935e+30       206000   0.00137993 
     1.5e+06           90        7.659   0.00393848     0.219605   1.0935e+30       206000   0.00086491 
     1.5e+06           10        3.726    0.0267335   -0.0181771   1.0935e+30       206000 -0.000485937 
     1.5e+06           15        3.726    0.0255474   -0.0378864   1.0935e+30       206000 -0.000967902 
     1.5e+06           20        3.726    0.0285282   -0.0513832   1.0935e+30       206000  -0.00146587 
     1.5e+06           25        3.726    0.0306439   -0.0529477   1.0935e+30       206000  -0.00162253 
     1.5e+06           30        3.726    0.0280991    -0.045389   1.0935e+30       206000  -0.00127539 
     1.5e+06           35        3.726    0.0284055   -0.0388148   1.0935e+30       206000  -0.00110255 
     1.5e+06           40        3.726    0.0253854   -0.0393996   1.0935e+30       206000  -0.00100017 
     1.5e+06           45        3.726     0.020372   -0.0454947   1.0935e+30       206000 -0.000926816 
     1.5e+06            5        3.726    0.0235697  -0.00440533   1.0935e+30       206000 -0.000103832 
     1.5e+06           50        3.726    0.0202379   -0.0563527   1.0935e+30       206000  -0.00114046 
     1.5e+06           55        3.726     0.018441   -0.0687387   1.0935e+30       206000  -0.00126761 
     1.5e+06           60        3.726    0.0158424   -0.0807198   1.0935e+30       206000   -0.0012788 
     1.5e+06           65        3.726    0.0126331   -0.0878709   1.0935e+30       206000  -0.00111008 
     1.5e+06           70        3.726    0.0129268   -0.0934325   1.0935e+30       206000  -0.00120778 
     1.5e+06           75        3.726    0.0107362    -0.094384   1.0935e+30       206000  -0.00101332 
     1.5e+06           80        3.726   0.00961463   -0.0909096   1.0935e+30       206000 -0.000874062 
     1.5e+06           85        3.726   0.00703918   -0.0815093   1.0935e+30       206000 -0.000573759 
     1.5e+06           90        3.726   0.00464001   -0.0743695   1.0935e+30       206000 -0.000345075 
     1.5e+06           10        3.105    0.0224783   -0.0203719   1.0935e+30       206000 -0.000457924 
     1.5e+06           15        3.105    0.0216492   -0.0467578   1.0935e+30       206000  -0.00101227 
     1.5e+06           20        3.105    0.0245509   -0.0713102   1.0935e+30       206000  -0.00175073 
     1.5e+06           25        3.105    0.0267917   -0.0864943   1.0935e+30       206000  -0.00231733 
     1.5e+06           30        3.105    0.0248964   -0.0945282   1.0935e+30       206000  -0.00235341 
     1.5e+06           35        3.105    0.0254651    -0.107581   1.0935e+30       206000  -0.00273955 
     1.5e+06           40        3.105     0.022954    -0.125515   1.0935e+30       206000  -0.00288107 
     1.5e+06           45        3.105    0.0185944    -0.148427   1.0935e+30       206000  -0.00275991 
     1.5e+06            5        3.105    0.0198032  -0.00483302   1.0935e+30       206000 -9.57093e-05 
     1.5e+06           50        3.105    0.0186234    -0.172495   1.0935e+30       206000  -0.00321245 
     1.5e+06           55        3.105    0.0170864    -0.195582   1.0935e+30       206000  -0.00334178 
     1.5e+06           60        3.105    0.0147783    -0.215222   1.0935e+30       206000  -0.00318063 
     1.5e+06           65        3.105     0.011826    -0.226948   1.0935e+30       206000  -0.00268388 
     1.5e+06           70        3.105    0.0120966    -0.236087   1.0935e+30       206000  -0.00285585 
     1.5e+06           75        3.105    0.0100263    -0.238549   1.0935e+30       206000  -0.00239177 
     1.5e+06           80        3.105   0.00897156    -0.234716   1.0935e+30       206000  -0.00210577 
     1.5e+06           85        3.105    0.0065731    -0.221532   1.0935e+30       206000  -0.00145615 
     1.5e+06           90        3.105   0.00433668    -0.210427   1.0935e+30       206000 -0.000912553 
     1.5e+06           10        5.796    0.0267988   -0.0144692   1.0935e+30       206000 -0.000387758 
     1.5e+06           15        5.796    0.0252258   -0.0221921   1.0935e+30       206000 -0.000559813 
     1.5e+06           20        5.796    0.0273334   -0.0151137   1.0935e+30       206000 -0.000413109 
     1.5e+06           25        5.796    0.0284664   0.00816241   1.0935e+30       206000  0.000232354 
     1.5e+06           30        5.796    0.0255761     0.044225   1.0935e+30       206000    0.0011311 
     1.5e+06           35        5.796    0.0259152        0.089   1.0935e+30       206000   0.00230645 
     1.5e+06           40        5.796    0.0234999     0.124218   1.0935e+30       206000   0.00291911 
     1.5e+06           45        5.796    0.0191734     0.154911   1.0935e+30       206000   0.00297017 
     1.5e+06            5        5.796    0.0236617  -0.00371843   1.0935e+30       206000 -8.79846e-05 
     1.5e+06           50        5.796    0.0194077     0.175398   1.0935e+30       206000   0.00340407 
     1.5e+06           55        5.796    0.0180573      0.18935   1.0935e+30       206000   0.00341916 
     1.5e+06           60        5.796    0.0158573     0.197555   1.0935e+30       206000   0.00313269 
     1.5e+06           65        5.796    0.0128408     0.202465   1.0935e+30       206000    0.0025998 
     1.5e+06           70        5.796    0.0133521     0.206671   1.0935e+30       206000   0.00275949 
     1.5e+06           75        5.796    0.0112354     0.209747   1.0935e+30       206000    0.0023566 
     1.5e+06           80        5.796     0.010071     0.211957   1.0935e+30       206000   0.00213462 
     1.5e+06           85        5.796   0.00724402     0.211817   1.0935e+30       206000   0.00153441 
     1.5e+06           90        5.796   0.00469932     0.209215   1.0935e+30       206000   0.00098317 
     1.5e+06           10        6.831    0.0257708   -0.0154701   1.0935e+30       206000 -0.000398677 
     1.5e+06           15        6.831    0.0241234   -0.0250899   1.0935e+30       206000 -0.000605252 
     1.5e+06           20        6.831    0.0258481   -0.0206129   1.0935e+30       206000 -0.000532805 
     1.5e+06           25        6.831    0.0266116  -0.00127932   1.0935e+30       206000 -3.40446e-05 
     1.5e+06           30        6.831    0.0236032    0.0297932   1.0935e+30       206000  0.000703214 
     1.5e+06           35        6.831    0.0233937      0.07125   1.0935e+30       206000    0.0016668 
     1.5e+06           40        6.831    0.0207344     0.106795   1.0935e+30       206000   0.00221432 
     1.5e+06           45        6.831    0.0165369      0.14081   1.0935e+30       206000   0.00232855 
     1.5e+06            5        6.831    0.0227663  -0.00396616   1.0935e+30       206000 -9.02949e-05 
     1.5e+06           50        6.831    0.0167276     0.167072   1.0935e+30       206000   0.00279471 
     1.5e+06           55        6.831    0.0159097      0.18679   1.0935e+30       206000   0.00297178 
     1.5e+06           60        6.831    0.0143435     0.200735   1.0935e+30       206000   0.00287924 
     1.5e+06           65        6.831     0.011779     0.209016   1.0935e+30       206000     0.002462 
     1.5e+06           70        6.831    0.0122582     0.216314   1.0935e+30       206000   0.00265162 
     1.5e+06           75        6.831    0.0102608     0.220611   1.0935e+30       206000   0.00226365 
     1.5e+06           80        6.831   0.00916781     0.222173   1.0935e+30       206000   0.00203684 
     1.5e+06           85        6.831   0.00658482     0.219681   1.0935e+30       206000   0.00144656 
     1.5e+06           90        6.831   0.00427076     0.214977   1.0935e+30       206000  0.000918116 
     1.5e+06           10        5.175    0.0265827   -0.0138736   1.0935e+30       206000 -0.000368799 
     1.5e+06           15        5.175    0.0252309   -0.0204371   1.0935e+30       206000 -0.000515646 
     1.5e+06           20        5.175    0.0277958   -0.0117523   1.0935e+30       206000 -0.000326666 
     1.5e+06           25        5.175    0.0294452    0.0139904   1.0935e+30       206000   0.00041195 
     1.5e+06           30        5.175    0.0268581    0.0530049   1.0935e+30       206000   0.00142361 
     1.5e+06           35        5.175    0.0276348    0.0996346   1.0935e+30       206000   0.00275338 
     1.5e+06           40        5.175    0.0253721     0.134637   1.0935e+30       206000   0.00341601 
     1.5e+06           45        5.175    0.0209488     0.163331   1.0935e+30       206000   0.00342159 
     1.5e+06            5        5.175    0.0234521   -0.0035698   1.0935e+30       206000 -8.37194e-05 
     1.5e+06           50        5.175     0.021145       0.1804   1.0935e+30       206000   0.00381456 
     1.5e+06           55        5.175    0.0193233     0.190926   1.0935e+30       206000   0.00368932 
     1.5e+06           60        5.175    0.0166147     0.195675   1.0935e+30       206000   0.00325109 
     1.5e+06           65        5.175    0.0132862     0.198542   1.0935e+30       206000   0.00263787 
     1.5e+06           70        5.175    0.0137337     0.200876   1.0935e+30       206000   0.00275877 
     1.5e+06           75        5.175    0.0115366     0.203224   1.0935e+30       206000   0.00234453 
     1.5e+06           80        5.175     0.010358     0.205833   1.0935e+30       206000   0.00213202 
     1.5e+06           85        5.175   0.00750737     0.207097   1.0935e+30       206000   0.00155476 
     1.5e+06           90        5.175   0.00490062      0.20575   1.0935e+30       206000    0.0010083 
     1.5e+06           10        10.35    0.0219055   -0.0192506   1.0935e+30       206000 -0.000421694 
     1.5e+06           15        10.35    0.0200446   -0.0352092   1.0935e+30       206000 -0.000705753 
     1.5e+06           20        10.35    0.0205118   -0.0393133   1.0935e+30       206000 -0.000806385 
     1.5e+06           25        10.35    0.0201383   -0.0330896   1.0935e+30       206000 -0.000666369 
     1.5e+06           30        10.35    0.0173233   -0.0180183   1.0935e+30       206000 -0.000312135 
     1.5e+06           35        10.35      0.01733    0.0125123   1.0935e+30       206000  0.000216839 
     1.5e+06           40        10.35     0.015825    0.0476432   1.0935e+30       206000  0.000753952 
     1.5e+06           45        10.35    0.0129915    0.0896294   1.0935e+30       206000   0.00116442 
     1.5e+06            5        10.35    0.0193945  -0.00496875   1.0935e+30       206000 -9.63663e-05 
     1.5e+06           50        10.35    0.0130522     0.131228   1.0935e+30       206000   0.00171281 
     1.5e+06           55        10.35    0.0118854     0.168115   1.0935e+30       206000   0.00199811 
     1.5e+06           60        10.35    0.0101843     0.199804   1.0935e+30       206000   0.00203486 
     1.5e+06           65        10.35    0.0081304     0.218978   1.0935e+30       206000   0.00178038 
     1.5e+06           70        10.35   0.00840985     0.236175   1.0935e+30       206000   0.00198619 
     1.5e+06           75        10.35   0.00707566     0.244377   1.0935e+30       206000   0.00172913 
     1.5e+06           80        10.35   0.00631878     0.244179   1.0935e+30       206000   0.00154291 
     1.5e+06           85        10.35    0.0044955     0.234861   1.0935e+30       206000   0.00105582 
     1.5e+06           90        10.35   0.00289136      0.22405   1.0935e+30       206000  0.000647807 
     1.5e+06           10        9.729    0.0225763   -0.0182528   1.0935e+30       206000 -0.000412082 
     1.5e+06           15        9.729    0.0206521   -0.0330878   1.0935e+30       206000 -0.000683332 
     1.5e+06           20        9.729    0.0211202   -0.0359113   1.0935e+30       206000 -0.000758455 
     1.5e+06           25        9.729    0.0207223   -0.0275871   1.0935e+30       206000 -0.000571666 
     1.5e+06           30        9.729    0.0178073   -0.0100148   1.0935e+30       206000 -0.000178336 
     1.5e+06           35        9.729    0.0177688    0.0229814   1.0935e+30       206000  0.000408351 
     1.5e+06           40        9.729    0.0161791    0.0595049   1.0935e+30       206000  0.000962736 
     1.5e+06           45        9.729     0.013253     0.101977   1.0935e+30       206000    0.0013515 
     1.5e+06            5        9.729     0.019989  -0.00465979   1.0935e+30       206000 -9.31446e-05 
     1.5e+06           50        9.729    0.0133917     0.143221   1.0935e+30       206000   0.00191798 
     1.5e+06           55        9.729    0.0123656     0.179039   1.0935e+30       206000   0.00221393 
     1.5e+06           60        9.729    0.0107636     0.209242   1.0935e+30       206000   0.00225219 
     1.5e+06           65        9.729   0.00866828     0.227269   1.0935e+30       206000   0.00197003 
     1.5e+06           70        9.729    0.0089819     0.243352   1.0935e+30       206000   0.00218576 
     1.5e+06           75        9.729    0.0075437     0.251047   1.0935e+30       206000   0.00189383 
     1.5e+06           80        9.729   0.00674046     0.250786   1.0935e+30       206000   0.00169041 
     1.5e+06           85        9.729   0.00481666     0.241741   1.0935e+30       206000   0.00116438 
     1.5e+06           90        9.729   0.00310963     0.231133   1.0935e+30       206000  0.000718737 
     1.5e+06           10        9.315    0.0230661    -0.017855   1.0935e+30       206000 -0.000411844 
     1.5e+06           15        9.315    0.0211525   -0.0319533   1.0935e+30       206000 -0.000675891 
     1.5e+06           20        9.315    0.0217417   -0.0337435   1.0935e+30       206000 -0.000733641 
     1.5e+06           25        9.315    0.0214439     -0.02387   1.0935e+30       206000 -0.000511867 
     1.5e+06           30        9.315    0.0185019  -0.00433371   1.0935e+30       206000 -8.01818e-05 
     1.5e+06           35        9.315    0.0184938    0.0299389   1.0935e+30       206000  0.000553684 
     1.5e+06           40        9.315    0.0168407    0.0663252   1.0935e+30       206000   0.00111696 
     1.5e+06           45        9.315    0.0137978     0.107556   1.0935e+30       206000   0.00148404 
     1.5e+06            5        9.315    0.0204177   -0.0045607   1.0935e+30       206000 -9.31188e-05 
     1.5e+06           50        9.315     0.013958     0.146626   1.0935e+30       206000   0.00204661 
     1.5e+06           55        9.315    0.0129154     0.180143   1.0935e+30       206000   0.00232662 
     1.5e+06           60        9.315    0.0112678     0.208025   1.0935e+30       206000   0.00234398 
     1.5e+06           65        9.315   0.00908405     0.224659   1.0935e+30       206000   0.00204082 
     1.5e+06           70        9.315     0.009407     0.239485   1.0935e+30       206000   0.00225284 
     1.5e+06           75        9.315   0.00789099     0.246698   1.0935e+30       206000   0.00194669 
     1.5e+06           80        9.315    0.0070535     0.246696   1.0935e+30       206000   0.00174007 
     1.5e+06           85        9.315   0.00505599      0.23857   1.0935e+30       206000   0.00120621 
     1.5e+06           90        9.315   0.00327279     0.228813   1.0935e+30       206000  0.000748859 
     1.5e+06           10         4.14    0.0268256   -0.0167242   1.0935e+30       206000 -0.000448636 
     1.5e+06           15         4.14    0.0256125   -0.0320464   1.0935e+30       206000  -0.00082079 
     1.5e+06           20         4.14    0.0285502   -0.0381791   1.0935e+30       206000  -0.00109002 
     1.5e+06           25         4.14    0.0306117   -0.0306287   1.0935e+30       206000 -0.000937595 
     1.5e+06           30         4.14    0.0281116   -0.0126124   1.0935e+30       206000 -0.000354554 
     1.5e+06           35         4.14    0.0287526   0.00707613   1.0935e+30       206000  0.000203457 
     1.5e+06           40         4.14    0.0260875    0.0180222   1.0935e+30       206000  0.000470155 
     1.5e+06           45         4.14    0.0212716    0.0230755   1.0935e+30       206000  0.000490853 
     1.5e+06            5         4.14    0.0236529   -0.0041202   1.0935e+30       206000 -9.74549e-05 
     1.5e+06           50         4.14    0.0213148    0.0210365   1.0935e+30       206000  0.000448388 
     1.5e+06           55         4.14    0.0194417    0.0157924   1.0935e+30       206000  0.000307031 
     1.5e+06           60         4.14    0.0166965   0.00892965   1.0935e+30       206000  0.000149094 
     1.5e+06           65         4.14    0.0133034   0.00484489   1.0935e+30       206000  6.44536e-05 
     1.5e+06           70         4.14    0.0135761   0.00167471   1.0935e+30       206000  2.27361e-05 
     1.5e+06           75         4.14    0.0112418   0.00172448   1.0935e+30       206000  1.93863e-05 
     1.5e+06           80         4.14    0.0100348   0.00495146   1.0935e+30       206000  4.96871e-05 
     1.5e+06           85         4.14   0.00730997      0.01183   1.0935e+30       206000  8.64766e-05 
     1.5e+06           90         4.14   0.00480233    0.0163326   1.0935e+30       206000  7.84348e-05 
