     1.5e+06           10         2.07    0.0178027    0.0360296   5.0625e+30       206000  0.000641426 
     1.5e+06           15         2.07    0.0167172    0.0599341   5.0625e+30       206000   0.00100193 
     1.5e+06           20         2.07    0.0180261    0.0938023   5.0625e+30       206000   0.00169089 
     1.5e+06           25         2.07    0.0186796      0.11948   5.0625e+30       206000   0.00223184 
     1.5e+06           30         2.07    0.0167347     0.143346   5.0625e+30       206000   0.00239886 
     1.5e+06           35         2.07    0.0169951     0.178376   5.0625e+30       206000   0.00303152 
     1.5e+06           40         2.07    0.0154835     0.210361   5.0625e+30       206000   0.00325713 
     1.5e+06           45         2.07    0.0126846     0.248375   5.0625e+30       206000   0.00315055 
     1.5e+06            5         2.07    0.0157224    0.0118047   5.0625e+30       206000  0.000185599 
     1.5e+06           50         2.07    0.0127758     0.288783   5.0625e+30       206000   0.00368945 
     1.5e+06           55         2.07    0.0117182     0.314405   5.0625e+30       206000   0.00368427 
     1.5e+06           60         2.07    0.0101257     0.348081   5.0625e+30       206000   0.00352455 
     1.5e+06           65         2.07   0.00813753     0.338416   5.0625e+30       206000   0.00275388 
     1.5e+06           70         2.07   0.00849724     0.357384   5.0625e+30       206000   0.00303678 
     1.5e+06           75         2.07   0.00721192     0.376516   5.0625e+30       206000    0.0027154 
     1.5e+06           80         2.07   0.00659411     0.363179   5.0625e+30       206000   0.00239484 
     1.5e+06           85         2.07    0.0049651     0.310723   5.0625e+30       206000   0.00154277 
     1.5e+06           90         2.07   0.00333146     0.300685   5.0625e+30       206000   0.00100172 
     1.5e+06           10        2.484    0.0233272    0.0345617   5.0625e+30       206000  0.000806228 
     1.5e+06           15        2.484    0.0217348    0.0548325   5.0625e+30       206000   0.00119177 
     1.5e+06           20        2.484    0.0230722    0.0828842   5.0625e+30       206000   0.00191232 
     1.5e+06           25        2.484    0.0235261     0.102054   5.0625e+30       206000   0.00240093 
     1.5e+06           30        2.484    0.0207997      0.11765   5.0625e+30       206000   0.00244708 
     1.5e+06           35        2.484    0.0209221     0.141907   5.0625e+30       206000     0.002969 
     1.5e+06           40        2.484    0.0189549     0.166105   5.0625e+30       206000   0.00314852 
     1.5e+06           45        2.484    0.0154324     0.195059   5.0625e+30       206000   0.00301023 
     1.5e+06            5        2.484    0.0206169    0.0125491   5.0625e+30       206000  0.000258723 
     1.5e+06           50        2.484     0.015442     0.227426   5.0625e+30       206000   0.00351192 
     1.5e+06           55        2.484     0.014067      0.24907   5.0625e+30       206000   0.00350367 
     1.5e+06           60        2.484    0.0120678     0.276111   5.0625e+30       206000   0.00333205 
     1.5e+06           65        2.484   0.00964046     0.270736   5.0625e+30       206000   0.00261002 
     1.5e+06           70        2.484   0.00997381     0.286117   5.0625e+30       206000   0.00285367 
     1.5e+06           75        2.484   0.00839107     0.301582   5.0625e+30       206000   0.00253059 
     1.5e+06           80        2.484   0.00763093     0.291678   5.0625e+30       206000   0.00222578 
     1.5e+06           85        2.484   0.00573206     0.250731   5.0625e+30       206000    0.0014372 
     1.5e+06           90        2.484   0.00384472     0.243999   5.0625e+30       206000  0.000938108 
     1.5e+06           10        3.105    0.0224783     0.032066   5.0625e+30       206000  0.000720787 
     1.5e+06           15        3.105    0.0216492    0.0472447   5.0625e+30       206000   0.00102281 
     1.5e+06           20        3.105    0.0245509    0.0663611   5.0625e+30       206000   0.00162922 
     1.5e+06           25        3.105    0.0267917    0.0751085   5.0625e+30       206000   0.00201229 
     1.5e+06           30        3.105    0.0248964    0.0785809   5.0625e+30       206000   0.00195638 
     1.5e+06           35        3.105    0.0254651     0.087212   5.0625e+30       206000   0.00222086 
     1.5e+06           40        3.105     0.022954    0.0992707   5.0625e+30       206000   0.00227866 
     1.5e+06           45        3.105    0.0185944     0.115596   5.0625e+30       206000   0.00214944 
     1.5e+06            5        3.105    0.0198032    0.0133961   5.0625e+30       206000  0.000265287 
     1.5e+06           50        3.105    0.0186234     0.136801   5.0625e+30       206000   0.00254771 
     1.5e+06           55        3.105    0.0170864     0.152355   5.0625e+30       206000    0.0026032 
     1.5e+06           60        3.105    0.0147783      0.17019   5.0625e+30       206000   0.00251513 
     1.5e+06           65        3.105     0.011826     0.170305   5.0625e+30       206000   0.00201402 
     1.5e+06           70        3.105    0.0120966      0.18022   5.0625e+30       206000   0.00218005 
     1.5e+06           75        3.105    0.0100263     0.189939   5.0625e+30       206000   0.00190439 
     1.5e+06           80        3.105   0.00897156     0.184031   5.0625e+30       206000   0.00165104 
     1.5e+06           85        3.105    0.0065731      0.15832   5.0625e+30       206000   0.00104065 
     1.5e+06           90        3.105   0.00433668     0.153869   5.0625e+30       206000  0.000667279 
     1.5e+06           10        3.726    0.0267335    0.0298307   5.0625e+30       206000  0.000797478 
     1.5e+06           15        3.726    0.0255474    0.0392884   5.0625e+30       206000   0.00100372 
     1.5e+06           20        3.726    0.0285282    0.0486711   5.0625e+30       206000    0.0013885 
     1.5e+06           25        3.726    0.0306439    0.0473095   5.0625e+30       206000   0.00144975 
     1.5e+06           30        3.726    0.0280991    0.0388254   5.0625e+30       206000   0.00109096 
     1.5e+06           35        3.726    0.0284055    0.0320363   5.0625e+30       206000  0.000910005 
     1.5e+06           40        3.726    0.0253854    0.0315796   5.0625e+30       206000  0.000801661 
     1.5e+06           45        3.726     0.020372    0.0357086   5.0625e+30       206000  0.000727455 
     1.5e+06            5        3.726    0.0235697    0.0139624   5.0625e+30       206000  0.000329088 
     1.5e+06           50        3.726    0.0202379    0.0451589   5.0625e+30       206000   0.00091392 
     1.5e+06           55        3.726     0.018441    0.0542737   5.0625e+30       206000   0.00100086 
     1.5e+06           60        3.726    0.0158424    0.0642271   5.0625e+30       206000   0.00101751 
     1.5e+06           65        3.726    0.0126331    0.0672739   5.0625e+30       206000  0.000849878 
     1.5e+06           70        3.726    0.0129268    0.0724911   5.0625e+30       206000  0.000937075 
     1.5e+06           75        3.726    0.0107362     0.076284   5.0625e+30       206000  0.000818998 
     1.5e+06           80        3.726   0.00961463    0.0728166   5.0625e+30       206000  0.000700105 
     1.5e+06           85        3.726   0.00703918    0.0602235   5.0625e+30       206000  0.000423924 
     1.5e+06           90        3.726   0.00464001    0.0564083   5.0625e+30       206000  0.000261735 
     1.5e+06           10         4.14    0.0268256    0.0285103   5.0625e+30       206000  0.000764807 
     1.5e+06           15         4.14    0.0256125    0.0340406   5.0625e+30       206000  0.000871866 
     1.5e+06           20         4.14    0.0285502    0.0368267   5.0625e+30       206000   0.00105141 
     1.5e+06           25         4.14    0.0306117     0.028441   5.0625e+30       206000  0.000870627 
     1.5e+06           30         4.14    0.0281116    0.0117562   5.0625e+30       206000  0.000330487 
     1.5e+06           35         4.14    0.0287526  -0.00528172   5.0625e+30       206000 -0.000151863 
     1.5e+06           40         4.14    0.0260875   -0.0144276   5.0625e+30       206000  -0.00037638 
     1.5e+06           45         4.14    0.0212716   -0.0183997   5.0625e+30       206000 -0.000391392 
     1.5e+06            5         4.14    0.0236529    0.0142333   5.0625e+30       206000  0.000336658 
     1.5e+06           50         4.14    0.0213148   -0.0169914   5.0625e+30       206000 -0.000362168 
     1.5e+06           55         4.14    0.0194417   -0.0124706   5.0625e+30       206000 -0.000242451 
     1.5e+06           60         4.14    0.0166965  -0.00729122   5.0625e+30       206000 -0.000121737 
     1.5e+06           65         4.14    0.0133034   -0.0035893   5.0625e+30       206000 -4.77499e-05 
     1.5e+06           70         4.14    0.0135761  -0.00126785   5.0625e+30       206000 -1.72125e-05 
     1.5e+06           75         4.14    0.0112418  -0.00137926   5.0625e+30       206000 -1.55053e-05 
     1.5e+06           80         4.14    0.0100348  -0.00398288   5.0625e+30       206000 -3.99676e-05 
     1.5e+06           85         4.14   0.00730997  -0.00918537   5.0625e+30       206000 -6.71447e-05 
     1.5e+06           90         4.14   0.00480233   -0.0134022   5.0625e+30       206000 -6.43618e-05 
     1.5e+06           10        4.554    0.0268192    0.0269908   5.0625e+30       206000  0.000723872 
     1.5e+06           15        4.554    0.0255289    0.0284866   5.0625e+30       206000   0.00072723 
     1.5e+06           20        4.554    0.0282859    0.0247749   5.0625e+30       206000   0.00070078 
     1.5e+06           25        4.554    0.0301415   0.00949178   5.0625e+30       206000  0.000286096 
     1.5e+06           30        4.554    0.0276575   -0.0156793   5.0625e+30       206000 -0.000433652 
     1.5e+06           35        4.554    0.0287006   -0.0431535   5.0625e+30       206000  -0.00123853 
     1.5e+06           40        4.554    0.0265682   -0.0613301   5.0625e+30       206000  -0.00162943 
     1.5e+06           45        4.554    0.0221071   -0.0733924   5.0625e+30       206000  -0.00162249 
     1.5e+06            5        4.554    0.0236542    0.0144457   5.0625e+30       206000  0.000341702 
     1.5e+06           50        4.554    0.0222494   -0.0802642   5.0625e+30       206000  -0.00178583 
     1.5e+06           55        4.554    0.0200517   -0.0805566   5.0625e+30       206000   -0.0016153 
     1.5e+06           60        4.554    0.0169634   -0.0798731   5.0625e+30       206000  -0.00135492 
     1.5e+06           65        4.554    0.0134401    -0.076446   5.0625e+30       206000  -0.00102744 
     1.5e+06           70        4.554    0.0138563   -0.0768682   5.0625e+30       206000  -0.00106511 
     1.5e+06           75        4.554    0.0116501   -0.0808133   5.0625e+30       206000 -0.000941486 
     1.5e+06           80        4.554    0.0104729   -0.0830888   5.0625e+30       206000 -0.000870184 
     1.5e+06           85        4.554    0.0076084   -0.0818498   5.0625e+30       206000 -0.000622746 
     1.5e+06           90        4.554    0.0049748   -0.0868438   5.0625e+30       206000 -0.000432031 
     1.5e+06           10        5.175    0.0265827    0.0252121   5.0625e+30       206000  0.000670206 
     1.5e+06           15        5.175    0.0252309    0.0230533   5.0625e+30       206000  0.000581656 
     1.5e+06           20        5.175    0.0277958    0.0126655   5.0625e+30       206000  0.000352047 
     1.5e+06           25        5.175    0.0294452  -0.00967948   5.0625e+30       206000 -0.000285014 
     1.5e+06           30        5.175    0.0268581   -0.0435881   5.0625e+30       206000  -0.00117069 
     1.5e+06           35        5.175    0.0276348   -0.0819304   5.0625e+30       206000  -0.00226413 
     1.5e+06           40        5.175    0.0253721    -0.110611   5.0625e+30       206000  -0.00280643 
     1.5e+06           45        5.175    0.0209488    -0.132322   5.0625e+30       206000    -0.002772 
     1.5e+06            5        5.175    0.0234521    0.0146929   5.0625e+30       206000   0.00034458 
     1.5e+06           50        5.175     0.021145    -0.149192   5.0625e+30       206000  -0.00315466 
     1.5e+06           55        5.175    0.0193233    -0.155964   5.0625e+30       206000  -0.00301374 
     1.5e+06           60        5.175    0.0166147    -0.160355   5.0625e+30       206000  -0.00266426 
     1.5e+06           65        5.175    0.0132862    -0.159281   5.0625e+30       206000  -0.00211624 
     1.5e+06           70        5.175    0.0137337    -0.162715   5.0625e+30       206000  -0.00223467 
     1.5e+06           75        5.175    0.0115366     -0.17078   5.0625e+30       206000  -0.00197023 
     1.5e+06           80        5.175     0.010358    -0.173293   5.0625e+30       206000  -0.00179496 
     1.5e+06           85        5.175   0.00750737    -0.166149   5.0625e+30       206000  -0.00124734 
     1.5e+06           90        5.175   0.00490062    -0.172073   5.0625e+30       206000 -0.000843263 
     1.5e+06           10        5.796    0.0267988    0.0257166   5.0625e+30       206000  0.000689174 
     1.5e+06           15        5.796    0.0252258     0.025086   5.0625e+30       206000  0.000632815 
     1.5e+06           20        5.796    0.0273334    0.0159868   5.0625e+30       206000  0.000436974 
     1.5e+06           25        5.796    0.0284664  -0.00460883   5.0625e+30       206000 -0.000131197 
     1.5e+06           30        5.796    0.0255761   -0.0364436   5.0625e+30       206000 -0.000932085 
     1.5e+06           35        5.796    0.0259152     -0.07377   5.0625e+30       206000  -0.00191176 
     1.5e+06           40        5.796    0.0234999    -0.103228   5.0625e+30       206000  -0.00242586 
     1.5e+06           45        5.796    0.0191734    -0.127158   5.0625e+30       206000  -0.00243804 
     1.5e+06            5        5.796    0.0236617    0.0149425   5.0625e+30       206000  0.000353566 
     1.5e+06           50        5.796    0.0194077    -0.147063   5.0625e+30       206000  -0.00285416 
     1.5e+06           55        5.796    0.0180573     -0.15718   5.0625e+30       206000  -0.00283825 
     1.5e+06           60        5.796    0.0158573    -0.163828   5.0625e+30       206000  -0.00259788 
     1.5e+06           65        5.796    0.0128408    -0.165957   5.0625e+30       206000  -0.00213101 
     1.5e+06           70        5.796    0.0133521    -0.170595   5.0625e+30       206000   -0.0022778 
     1.5e+06           75        5.796    0.0112354    -0.179223   5.0625e+30       206000  -0.00201365 
     1.5e+06           80        5.796     0.010071    -0.182014   5.0625e+30       206000  -0.00183306 
     1.5e+06           85        5.796   0.00724402    -0.174846   5.0625e+30       206000  -0.00126658 
     1.5e+06           90        5.796   0.00469932    -0.179941   5.0625e+30       206000   -0.0008456 
     1.5e+06           10         6.21    0.0263705    0.0261447   5.0625e+30       206000   0.00068945 
     1.5e+06           15         6.21    0.0247635    0.0263958   5.0625e+30       206000  0.000653651 
     1.5e+06           20         6.21    0.0267044    0.0181648   5.0625e+30       206000   0.00048508 
     1.5e+06           25         6.21    0.0276749  -0.00128847   5.0625e+30       206000 -3.56583e-05 
     1.5e+06           30         6.21    0.0247289   -0.0316185   5.0625e+30       206000 -0.000781891 
     1.5e+06           35         6.21    0.0248244   -0.0681218   5.0625e+30       206000  -0.00169109 
     1.5e+06           40         6.21    0.0222959   -0.0981416   5.0625e+30       206000  -0.00218815 
     1.5e+06           45         6.21    0.0180186    -0.123594   5.0625e+30       206000  -0.00222698 
     1.5e+06            5         6.21    0.0232889    0.0150816   5.0625e+30       206000  0.000351234 
     1.5e+06           50         6.21    0.0182336    -0.145523   5.0625e+30       206000  -0.00265341 
     1.5e+06           55         6.21     0.017122    -0.157899   5.0625e+30       206000  -0.00270355 
     1.5e+06           60         6.21    0.0152029    -0.166207   5.0625e+30       206000  -0.00252683 
     1.5e+06           65         6.21    0.0123837    -0.170344   5.0625e+30       206000   -0.0021095 
     1.5e+06           70         6.21    0.0128814    -0.175851   5.0625e+30       206000  -0.00226521 
     1.5e+06           75         6.21    0.0108155    -0.184952   5.0625e+30       206000  -0.00200034 
     1.5e+06           80         6.21   0.00969421    -0.187823   5.0625e+30       206000   -0.0018208 
     1.5e+06           85         6.21   0.00699635     -0.18057   5.0625e+30       206000  -0.00126333 
     1.5e+06           90         6.21   0.00455227    -0.185074   5.0625e+30       206000 -0.000842507 
     1.5e+06           10        6.831    0.0257708    0.0268752   5.0625e+30       206000  0.000692597 
     1.5e+06           15        6.831    0.0241234    0.0282657   5.0625e+30       206000  0.000681863 
     1.5e+06           20        6.831    0.0258481    0.0214375   5.0625e+30       206000  0.000554118 
     1.5e+06           25        6.831    0.0266116   0.00374626   5.0625e+30       206000  9.96938e-05 
     1.5e+06           30        6.831    0.0236032    -0.024343   5.0625e+30       206000 -0.000574572 
     1.5e+06           35        6.831    0.0233937   -0.0595552   5.0625e+30       206000  -0.00139322 
     1.5e+06           40        6.831    0.0207344   -0.0902983   5.0625e+30       206000  -0.00187228 
     1.5e+06           45        6.831    0.0165369    -0.117996   5.0625e+30       206000  -0.00195129 
     1.5e+06            5        6.831    0.0227663    0.0152193   5.0625e+30       206000  0.000346487 
     1.5e+06           50        6.831    0.0167276    -0.143107   5.0625e+30       206000  -0.00239383 
     1.5e+06           55        6.831    0.0159097    -0.158841   5.0625e+30       206000  -0.00252711 
     1.5e+06           60        6.831    0.0143435    -0.169875   5.0625e+30       206000   -0.0024366 
     1.5e+06           65        6.831     0.011779    -0.176981   5.0625e+30       206000  -0.00208465 
     1.5e+06           70        6.831    0.0122582     -0.18381   5.0625e+30       206000  -0.00225318 
     1.5e+06           75        6.831    0.0102608    -0.193501   5.0625e+30       206000  -0.00198547 
     1.5e+06           80        6.831   0.00916781    -0.196487   5.0625e+30       206000  -0.00180136 
     1.5e+06           85        6.831   0.00658482     -0.18895   5.0625e+30       206000   -0.0012442 
     1.5e+06           90        6.831   0.00427076    -0.192299   5.0625e+30       206000 -0.000821265 
     1.5e+06           10        7.659    0.0250602    0.0279244   5.0625e+30       206000   0.00069979 
     1.5e+06           15        7.659    0.0232843     0.030829   5.0625e+30       206000  0.000717833 
     1.5e+06           20        7.659     0.024578    0.0258892   5.0625e+30       206000  0.000636303 
     1.5e+06           25        7.659    0.0249162    0.0105021   5.0625e+30       206000  0.000261672 
     1.5e+06           30        7.659    0.0219542   -0.0145422   5.0625e+30       206000 -0.000319263 
     1.5e+06           35        7.659    0.0221424   -0.0481886   5.0625e+30       206000  -0.00106701 
     1.5e+06           40        7.659    0.0201712    -0.079823   5.0625e+30       206000  -0.00161013 
     1.5e+06           45        7.659    0.0165406    -0.110229   5.0625e+30       206000  -0.00182326 
     1.5e+06            5        7.659    0.0221545    0.0152479   5.0625e+30       206000   0.00033781 
     1.5e+06           50        7.659     0.016811    -0.139438   5.0625e+30       206000  -0.00234409 
     1.5e+06           55        7.659    0.0156889    -0.159773   5.0625e+30       206000  -0.00250666 
     1.5e+06           60        7.659    0.0138162    -0.174781   5.0625e+30       206000  -0.00241481 
     1.5e+06           65        7.659    0.0111858    -0.185417   5.0625e+30       206000  -0.00207404 
     1.5e+06           70        7.659    0.0115481     -0.19444   5.0625e+30       206000  -0.00224542 
     1.5e+06           75        7.659   0.00963183    -0.204881   5.0625e+30       206000  -0.00197338 
     1.5e+06           80        7.659   0.00856757    -0.207869   5.0625e+30       206000  -0.00178093 
     1.5e+06           85        7.659   0.00610591    -0.199769   5.0625e+30       206000  -0.00121977 
     1.5e+06           90        7.659   0.00393848    -0.201304   5.0625e+30       206000 -0.000792829 
     1.5e+06           10         8.28    0.0245823    0.0286652   5.0625e+30       206000  0.000704656 
     1.5e+06           15         8.28    0.0226786    0.0327654   5.0625e+30       206000  0.000743074 
     1.5e+06           20         8.28    0.0235967    0.0292724   5.0625e+30       206000  0.000690732 
     1.5e+06           25         8.28     0.023569     0.015647   5.0625e+30       206000  0.000368783 
     1.5e+06           30         8.28    0.0205333  -0.00699145   5.0625e+30       206000 -0.000143558 
     1.5e+06           35         8.28    0.0206103   -0.0393144   5.0625e+30       206000 -0.000810283 
     1.5e+06           40         8.28    0.0187724   -0.0715165   5.0625e+30       206000  -0.00134253 
     1.5e+06           45         8.28    0.0153887    -0.104147   5.0625e+30       206000   -0.0016027 
     1.5e+06            5         8.28    0.0217471    0.0151581   5.0625e+30       206000  0.000329644 
     1.5e+06           50         8.28    0.0156153    -0.136461   5.0625e+30       206000  -0.00213088 
     1.5e+06           55         8.28    0.0145307    -0.160294   5.0625e+30       206000  -0.00232918 
     1.5e+06           60         8.28    0.0127558    -0.178436   5.0625e+30       206000  -0.00227608 
     1.5e+06           65         8.28    0.0103134    -0.191676   5.0625e+30       206000  -0.00197683 
     1.5e+06           70         8.28    0.0106625    -0.202293   5.0625e+30       206000  -0.00215695 
     1.5e+06           75         8.28   0.00891431    -0.213365   5.0625e+30       206000    -0.001902 
     1.5e+06           80         8.28   0.00795619    -0.216223   5.0625e+30       206000  -0.00172031 
     1.5e+06           85         8.28   0.00570698    -0.207527   5.0625e+30       206000  -0.00118435 
     1.5e+06           90         8.28   0.00369835    -0.207653   5.0625e+30       206000 -0.000767973 
     1.5e+06           10        8.694    0.0239821    0.0292336   5.0625e+30       206000  0.000701082 
     1.5e+06           15        8.694    0.0220649     0.034032   5.0625e+30       206000  0.000750913 
     1.5e+06           20        8.694    0.0228318    0.0314809   5.0625e+30       206000  0.000718767 
     1.5e+06           25        8.694    0.0226755    0.0190476   5.0625e+30       206000  0.000431914 
     1.5e+06           30        8.694    0.0196688  -0.00192223   5.0625e+30       206000 -3.78079e-05 
     1.5e+06           35        8.694    0.0197055   -0.0333188   5.0625e+30       206000 -0.000656564 
     1.5e+06           40        8.694    0.0179465   -0.0658533   5.0625e+30       206000  -0.00118184 
     1.5e+06           45        8.694    0.0147084   -0.0999348   5.0625e+30       206000  -0.00146988 
     1.5e+06            5        8.694    0.0212217    0.0150618   5.0625e+30       206000  0.000319637 
     1.5e+06           50        8.694     0.014906     -0.13433   5.0625e+30       206000  -0.00200233 
     1.5e+06           55        8.694    0.0138382     -0.16052   5.0625e+30       206000  -0.00222131 
     1.5e+06           60        8.694    0.0121168    -0.180821   5.0625e+30       206000  -0.00219097 
     1.5e+06           65        8.694   0.00978504    -0.195751   5.0625e+30       206000  -0.00191543 
     1.5e+06           70        8.694    0.0101232    -0.207482   5.0625e+30       206000  -0.00210038 
     1.5e+06           75        8.694   0.00847513     -0.21898   5.0625e+30       206000  -0.00185589 
     1.5e+06           80        8.694   0.00758034    -0.221714   5.0625e+30       206000  -0.00168067 
     1.5e+06           85        8.694   0.00546045    -0.212538   5.0625e+30       206000  -0.00116055 
     1.5e+06           90        8.694   0.00354946    -0.211672   5.0625e+30       206000 -0.000751319 
     1.5e+06           10        9.315    0.0230661    0.0299154   5.0625e+30       206000  0.000690031 
     1.5e+06           15        9.315    0.0211525    0.0358761   5.0625e+30       206000  0.000758868 
     1.5e+06           20        9.315    0.0217417     0.034787   5.0625e+30       206000  0.000756328 
     1.5e+06           25        9.315    0.0214439    0.0241653   5.0625e+30       206000    0.0005182 
     1.5e+06           30        9.315    0.0185019   0.00579188   5.0625e+30       206000  0.000107161 
     1.5e+06           35        9.315    0.0184938   -0.0241867   5.0625e+30       206000 -0.000447305 
     1.5e+06           40        9.315    0.0168407   -0.0572086   5.0625e+30       206000 -0.000963435 
     1.5e+06           45        9.315    0.0137978   -0.0934611   5.0625e+30       206000  -0.00128955 
     1.5e+06            5        9.315    0.0204177    0.0148937   5.0625e+30       206000  0.000304094 
     1.5e+06           50        9.315     0.013958    -0.131076   5.0625e+30       206000  -0.00182956 
     1.5e+06           55        9.315    0.0129154    -0.160796   5.0625e+30       206000  -0.00207673 
     1.5e+06           60        9.315    0.0112678    -0.184361   5.0625e+30       206000  -0.00207734 
     1.5e+06           65        9.315   0.00908405    -0.201845   5.0625e+30       206000  -0.00183357 
     1.5e+06           70        9.315     0.009407     -0.21527   5.0625e+30       206000  -0.00202504 
     1.5e+06           75        9.315   0.00789099    -0.227342   5.0625e+30       206000  -0.00179395 
     1.5e+06           80        9.315    0.0070535     -0.22987   5.0625e+30       206000  -0.00162139 
     1.5e+06           85        9.315   0.00505599    -0.219911   5.0625e+30       206000  -0.00111187 
     1.5e+06           90        9.315   0.00327279    -0.217402   5.0625e+30       206000 -0.000711512 
     1.5e+06           10        9.729    0.0225763    0.0302955   5.0625e+30       206000  0.000683962 
     1.5e+06           15        9.729    0.0206521    0.0372509   5.0625e+30       206000  0.000769309 
     1.5e+06           20        9.729    0.0211202    0.0370455   5.0625e+30       206000   0.00078241 
     1.5e+06           25        9.729    0.0207223    0.0275838   5.0625e+30       206000  0.000571599 
     1.5e+06           30        9.729    0.0178073    0.0109792   5.0625e+30       206000   0.00019551 
     1.5e+06           35        9.729    0.0177688   -0.0180288   5.0625e+30       206000 -0.000320351 
     1.5e+06           40        9.729    0.0161791   -0.0513501   5.0625e+30       206000 -0.000830797 
     1.5e+06           45        9.729     0.013253   -0.0889957   5.0625e+30       206000  -0.00117946 
     1.5e+06            5        9.729     0.019989     0.014779   5.0625e+30       206000  0.000295419 
     1.5e+06           50        9.729    0.0133917     -0.12876   5.0625e+30       206000  -0.00172432 
     1.5e+06           55        9.729    0.0123656    -0.160855   5.0625e+30       206000  -0.00198907 
     1.5e+06           60        9.729    0.0107636    -0.186645   5.0625e+30       206000  -0.00200897 
     1.5e+06           65        9.729   0.00866828     -0.20578   5.0625e+30       206000  -0.00178376 
     1.5e+06           70        9.729    0.0089819    -0.220401   5.0625e+30       206000  -0.00197962 
     1.5e+06           75        9.729    0.0075437    -0.232866   5.0625e+30       206000  -0.00175667 
     1.5e+06           80        9.729   0.00674046    -0.235238   5.0625e+30       206000  -0.00158561 
     1.5e+06           85        9.729   0.00481666    -0.224695   5.0625e+30       206000  -0.00108228 
     1.5e+06           90        9.729   0.00310963    -0.221065   5.0625e+30       206000 -0.000687429 
     1.5e+06           10        10.35    0.0219055    0.0318837   5.0625e+30       206000  0.000698428 
     1.5e+06           15        10.35    0.0200446    0.0396308   5.0625e+30       206000  0.000794382 
     1.5e+06           20        10.35    0.0205118    0.0405434   5.0625e+30       206000  0.000831616 
     1.5e+06           25        10.35    0.0201383    0.0327432   5.0625e+30       206000  0.000659393 
     1.5e+06           30        10.35    0.0173233    0.0183898   5.0625e+30       206000  0.000318571 
     1.5e+06           35        10.35      0.01733  -0.00874757   5.0625e+30       206000 -0.000151595 
     1.5e+06           40        10.35     0.015825   -0.0410443   5.0625e+30       206000 -0.000649524 
     1.5e+06           45        10.35    0.0129915   -0.0787517   5.0625e+30       206000   -0.0010231 
     1.5e+06            5        10.35    0.0193945    0.0156777   5.0625e+30       206000   0.00030406 
     1.5e+06           50        10.35    0.0130522    -0.118965   5.0625e+30       206000  -0.00155275 
     1.5e+06           55        10.35    0.0118854    -0.152491   5.0625e+30       206000  -0.00181241 
     1.5e+06           60        10.35    0.0101843     -0.17999   5.0625e+30       206000  -0.00183307 
     1.5e+06           65        10.35    0.0081304    -0.200399   5.0625e+30       206000  -0.00162933 
     1.5e+06           70        10.35   0.00840985    -0.216126   5.0625e+30       206000  -0.00181759 
     1.5e+06           75        10.35   0.00707566    -0.228722   5.0625e+30       206000  -0.00161836 
     1.5e+06           80        10.35   0.00631878    -0.231108   5.0625e+30       206000  -0.00146032 
     1.5e+06           85        10.35    0.0044955    -0.220738   5.0625e+30       206000 -0.000992328 
     1.5e+06           90        10.35   0.00289136    -0.216165   5.0625e+30       206000 -0.000625011 
