#   Radius[cm]     Phi[deg]   Energy[keV]     I          Q/I        mu[Gcm3]      Mass[cm]        Q      Phi[rad]
     1.7e+06           10         2.07    0.0163573    0.0366746   7.3695e+30       206000  0.000599896  0.174533
     1.7e+06           15         2.07    0.0160743    0.0639949   7.3695e+30       206000   0.00102867  0.261799
     1.7e+06           20         2.07    0.0153555    0.0953039   7.3695e+30       206000   0.00146344  0.349066
     1.7e+06           25         2.07    0.0159621     0.124203   7.3695e+30       206000   0.00198255  0.436332
     1.7e+06           30         2.07    0.0161375     0.149195   7.3695e+30       206000   0.00240764  0.523599
     1.7e+06           35         2.07    0.0137762     0.180967   7.3695e+30       206000   0.00249304  0.610865
     1.7e+06           40         2.07    0.0130031     0.220245   7.3695e+30       206000   0.00286387  0.698132
     1.7e+06           45         2.07    0.0123853     0.254602   7.3695e+30       206000   0.00315333  0.785398
     1.7e+06            5         2.07    0.0157224    0.0135214   7.3695e+30       206000  0.000212588  0.0872665
     1.7e+06           50         2.07    0.0102068     0.294883   7.3695e+30       206000    0.0030098  0.872665
     1.7e+06           55         2.07   0.00937503     0.313819   7.3695e+30       206000   0.00294206  0.959931
     1.7e+06           60         2.07   0.00808749     0.342654   7.3695e+30       206000   0.00277121    1.0472
     1.7e+06           65         2.07   0.00784553     0.358701   7.3695e+30       206000    0.0028142   1.13446
     1.7e+06           70         2.07    0.0062382      0.37505   7.3695e+30       206000   0.00233963   1.22173
     1.7e+06           75         2.07   0.00564834     0.368292   7.3695e+30       206000   0.00208023     1.309
     1.7e+06           80         2.07   0.00420258     0.372818   7.3695e+30       206000    0.0015668   1.39626
     1.7e+06           85         2.07   0.00424376     0.354747   7.3695e+30       206000   0.00150546   1.48353
     1.7e+06           90         2.07    0.0023693     0.356777   7.3695e+30       206000  0.000845311    1.5708
     1.7e+06           10        2.484     0.021418    0.0346597   7.3695e+30       206000  0.000742344  0.174533
     1.7e+06           15        2.484    0.0208672    0.0580579   7.3695e+30       206000    0.0012115  0.261799
     1.7e+06           20        2.484    0.0196541    0.0840573   7.3695e+30       206000   0.00165207  0.349066
     1.7e+06           25        2.484    0.0200751     0.105516   7.3695e+30       206000   0.00211824  0.436332
     1.7e+06           30        2.484    0.0200217     0.121827   7.3695e+30       206000   0.00243919  0.523599
     1.7e+06           35        2.484    0.0169493     0.144097   7.3695e+30       206000   0.00244235  0.610865
     1.7e+06           40        2.484    0.0158924     0.172329   7.3695e+30       206000   0.00273872  0.698132
     1.7e+06           45        2.484    0.0150473     0.200347   7.3695e+30       206000   0.00301468  0.785398
     1.7e+06            5        2.484    0.0206169    0.0141484   7.3695e+30       206000  0.000291697  0.0872665
     1.7e+06           50        2.484    0.0123078     0.232197   7.3695e+30       206000   0.00285783  0.872665
     1.7e+06           55        2.484    0.0112342     0.248454   7.3695e+30       206000   0.00279117  0.959931
     1.7e+06           60        2.484   0.00963094     0.273379   7.3695e+30       206000   0.00263289    1.0472
     1.7e+06           65        2.484   0.00926483     0.286843   7.3695e+30       206000   0.00265755   1.13446
     1.7e+06           70        2.484   0.00730488       0.3008   7.3695e+30       206000   0.00219731   1.22173
     1.7e+06           75        2.484   0.00656081     0.297052   7.3695e+30       206000    0.0019489     1.309
     1.7e+06           80        2.484   0.00485385     0.299693   7.3695e+30       206000   0.00145467   1.39626
     1.7e+06           85        2.484    0.0048983     0.284811   7.3695e+30       206000   0.00139509   1.48353
     1.7e+06           90        2.484   0.00273407     0.286638   7.3695e+30       206000  0.000783689    1.5708
     1.7e+06           10        3.105     0.020701    0.0321643   7.3695e+30       206000  0.000665831  0.174533
     1.7e+06           15        3.105    0.0209203    0.0492553   7.3695e+30       206000   0.00103044  0.261799
     1.7e+06           20        3.105    0.0209137     0.067096   7.3695e+30       206000   0.00140323  0.349066
     1.7e+06           25        3.105    0.0229973    0.0768946   7.3695e+30       206000   0.00176837  0.436332
     1.7e+06           30        3.105    0.0240576    0.0803041   7.3695e+30       206000   0.00193193  0.523599
     1.7e+06           35        3.105     0.020619    0.0884745   7.3695e+30       206000   0.00182425  0.610865
     1.7e+06           40        3.105    0.0192159     0.102147   7.3695e+30       206000   0.00196286  0.698132
     1.7e+06           45        3.105    0.0181276     0.119356   7.3695e+30       206000   0.00216363  0.785398
     1.7e+06            5        3.105    0.0198032    0.0147835   7.3695e+30       206000   0.00029276  0.0872665
     1.7e+06           50        3.105    0.0148733     0.139989   7.3695e+30       206000   0.00208209  0.872665
     1.7e+06           55        3.105    0.0136742     0.151997   7.3695e+30       206000   0.00207843  0.959931
     1.7e+06           60        3.105    0.0118036     0.170157   7.3695e+30       206000   0.00200845    1.0472
     1.7e+06           65        3.105    0.0113315      0.17998   7.3695e+30       206000   0.00203944   1.13446
     1.7e+06           70        3.105   0.00882391     0.189842   7.3695e+30       206000   0.00167514   1.22173
     1.7e+06           75        3.105   0.00781699     0.188774   7.3695e+30       206000   0.00147565     1.309
     1.7e+06           80        3.105   0.00566037     0.188517   7.3695e+30       206000   0.00106708   1.39626
     1.7e+06           85        3.105    0.0055682     0.177586   7.3695e+30       206000  0.000988833   1.48353
     1.7e+06           90        3.105   0.00306955     0.177901   7.3695e+30       206000  0.000546076    1.5708
     1.7e+06           10        3.726    0.0246022    0.0298366   7.3695e+30       206000  0.000734046  0.174533
     1.7e+06           15        3.726    0.0246496    0.0402844   7.3695e+30       206000  0.000992992  0.261799
     1.7e+06           20        3.726    0.0243018    0.0491587   7.3695e+30       206000   0.00119464  0.349066
     1.7e+06           25        3.726    0.0262679    0.0474026   7.3695e+30       206000   0.00124516  0.436332
     1.7e+06           30        3.726     0.027095    0.0376775   7.3695e+30       206000   0.00102087  0.523599
     1.7e+06           35        3.726    0.0229787    0.0319124   7.3695e+30       206000  0.000733306  0.610865
     1.7e+06           40        3.726    0.0211977    0.0315413   7.3695e+30       206000  0.000668603  0.698132
     1.7e+06           45        3.726    0.0198242     0.037352   7.3695e+30       206000  0.000740473  0.785398
     1.7e+06            5        3.726    0.0235697    0.0151905   7.3695e+30       206000  0.000358034  0.0872665
     1.7e+06           50        3.726    0.0161227    0.0472522   7.3695e+30       206000  0.000761833  0.872665
     1.7e+06           55        3.726    0.0147332    0.0548398   7.3695e+30       206000  0.000807965  0.959931
     1.7e+06           60        3.726    0.0126445    0.0650787   7.3695e+30       206000   0.00082289    1.0472
     1.7e+06           65        3.726    0.0121016    0.0713883   7.3695e+30       206000  0.000863911   1.13446
     1.7e+06           70        3.726   0.00943466    0.0765657   7.3695e+30       206000  0.000722371   1.22173
     1.7e+06           75        3.726   0.00837368    0.0763264   7.3695e+30       206000  0.000639132     1.309
     1.7e+06           80        3.726   0.00606711    0.0734383   7.3695e+30       206000  0.000445558   1.39626
     1.7e+06           85        3.726   0.00596022    0.0654925   7.3695e+30       206000   0.00039035   1.48353
     1.7e+06           90        3.726    0.0032834    0.0635734   7.3695e+30       206000  0.000208736    1.5708
     1.7e+06           10         4.14     0.024685    0.0279337   7.3695e+30       206000  0.000689542  0.174533
     1.7e+06           15         4.14     0.024708    0.0342144   7.3695e+30       206000   0.00084537  0.261799
     1.7e+06           20         4.14    0.0243205    0.0372118   7.3695e+30       206000  0.000905009  0.349066
     1.7e+06           25         4.14    0.0262361    0.0275235   7.3695e+30       206000  0.000722108  0.436332
     1.7e+06           30         4.14    0.0271556   0.00882256   7.3695e+30       206000  0.000239582  0.523599
     1.7e+06           35         4.14     0.023297  -0.00656633   7.3695e+30       206000 -0.000152976  0.610865
     1.7e+06           40         4.14    0.0218814   -0.0160717   7.3695e+30       206000 -0.000351671  0.698132
     1.7e+06           45         4.14    0.0207472   -0.0183261   7.3695e+30       206000 -0.000380216  0.785398
     1.7e+06            5         4.14    0.0236529    0.0153731   7.3695e+30       206000  0.000363619  0.0872665
     1.7e+06           50         4.14    0.0169963   -0.0154157   7.3695e+30       206000 -0.000262009  0.872665
     1.7e+06           55         4.14    0.0155315    -0.011193   7.3695e+30       206000 -0.000173845  0.959931
     1.7e+06           60         4.14    0.0133255  -0.00671712   7.3695e+30       206000  -8.9509e-05    1.0472
     1.7e+06           65         4.14    0.0127332   -0.0027938   7.3695e+30       206000  -3.5574e-05   1.13446
     1.7e+06           70         4.14   0.00990056 -0.000996144   7.3695e+30       206000 -9.86238e-06   1.22173
     1.7e+06           75         4.14   0.00876303   -0.0016301   7.3695e+30       206000 -1.42846e-05     1.309
     1.7e+06           80         4.14   0.00632185  -0.00599732   7.3695e+30       206000 -3.79141e-05   1.39626
     1.7e+06           85         4.14   0.00617851   -0.0122073   7.3695e+30       206000 -7.54228e-05   1.48353
     1.7e+06           90         4.14   0.00339499   -0.0157261   7.3695e+30       206000 -5.33901e-05    1.5708
     1.7e+06           10        4.554    0.0246722    0.0259646   7.3695e+30       206000  0.000640606  0.174533
     1.7e+06           15        4.554    0.0246127    0.0282137   7.3695e+30       206000  0.000694414  0.261799
     1.7e+06           20        4.554    0.0240954    0.0250947   7.3695e+30       206000  0.000604668  0.349066
     1.7e+06           25        4.554    0.0258192   0.00751443   7.3695e+30       206000  0.000194017  0.436332
     1.7e+06           30        4.554    0.0267744   -0.0204697   7.3695e+30       206000 -0.000548062  0.523599
     1.7e+06           35        4.554    0.0233045   -0.0458443   7.3695e+30       206000  -0.00106838  0.610865
     1.7e+06           40        4.554    0.0224163   -0.0643718   7.3695e+30       206000  -0.00144298  0.698132
     1.7e+06           45        4.554    0.0216029   -0.0750935   7.3695e+30       206000  -0.00162224  0.785398
     1.7e+06            5        4.554    0.0236542    0.0154988   7.3695e+30       206000  0.000366612  0.0872665
     1.7e+06           50        4.554      0.01769   -0.0791119   7.3695e+30       206000  -0.00139949  0.872665
     1.7e+06           55        4.554     0.015958   -0.0785875   7.3695e+30       206000   -0.0012541  0.959931
     1.7e+06           60        4.554     0.013518   -0.0801813   7.3695e+30       206000  -0.00108389    1.0472
     1.7e+06           65        4.554    0.0128927   -0.0786544   7.3695e+30       206000  -0.00101407   1.13446
     1.7e+06           70        4.554    0.0101467   -0.0804029   7.3695e+30       206000 -0.000815827   1.22173
     1.7e+06           75        4.554    0.0091079   -0.0820949   7.3695e+30       206000 -0.000747712     1.309
     1.7e+06           80        4.554   0.00661017   -0.0876832   7.3695e+30       206000 -0.000579601   1.39626
     1.7e+06           85        4.554   0.00641495   -0.0922452   7.3695e+30       206000 -0.000591748   1.48353
     1.7e+06           90        4.554   0.00351208   -0.0972825   7.3695e+30       206000 -0.000341664    1.5708
     1.7e+06           10        5.175    0.0244483    0.0242128   7.3695e+30       206000  0.000591962  0.174533
     1.7e+06           15        5.175    0.0243116    0.0222564   7.3695e+30       206000  0.000541089  0.261799
     1.7e+06           20        5.175    0.0236779    0.0128563   7.3695e+30       206000  0.000304409  0.349066
     1.7e+06           25        5.175    0.0252099   -0.0128286   7.3695e+30       206000 -0.000323408  0.436332
     1.7e+06           30        5.175     0.025963   -0.0502306   7.3695e+30       206000  -0.00130414  0.523599
     1.7e+06           35        5.175    0.0224194     -0.08648   7.3695e+30       206000  -0.00193883  0.610865
     1.7e+06           40        5.175    0.0213557     -0.11515   7.3695e+30       206000   -0.0024591  0.698132
     1.7e+06           45        5.175     0.020471    -0.136049   7.3695e+30       206000  -0.00278505  0.785398
     1.7e+06            5        5.175    0.0234521    0.0156432   7.3695e+30       206000  0.000366866  0.0872665
     1.7e+06           50        5.175    0.0168789     -0.14869   7.3695e+30       206000  -0.00250972  0.872665
     1.7e+06           55        5.175    0.0154408    -0.153175   7.3695e+30       206000  -0.00236515  0.959931
     1.7e+06           60        5.175    0.0132628    -0.162483   7.3695e+30       206000  -0.00215499    1.0472
     1.7e+06           65        5.175    0.0127668    -0.164288   7.3695e+30       206000  -0.00209743   1.13446
     1.7e+06           70        5.175    0.0100545    -0.170372   7.3695e+30       206000    -0.001713   1.22173
     1.7e+06           75        5.175   0.00901762    -0.174032   7.3695e+30       206000  -0.00156935     1.309
     1.7e+06           80        5.175   0.00653316    -0.180481   7.3695e+30       206000  -0.00117911   1.39626
     1.7e+06           85        5.175   0.00632423     -0.18297   7.3695e+30       206000  -0.00115714   1.48353
     1.7e+06           90        5.175   0.00345805    -0.189125   7.3695e+30       206000 -0.000654003    1.5708
     1.7e+06           10        5.796    0.0246284    0.0251494   7.3695e+30       206000  0.000619389  0.174533
     1.7e+06           15        5.796    0.0242672    0.0242399   7.3695e+30       206000  0.000588234  0.261799
     1.7e+06           20        5.796     0.023284    0.0162208   7.3695e+30       206000  0.000377684  0.349066
     1.7e+06           25        5.796    0.0243356  -0.00747001   7.3695e+30       206000 -0.000181787  0.436332
     1.7e+06           30        5.796     0.024657   -0.0426896   7.3695e+30       206000   -0.0010526  0.523599
     1.7e+06           35        5.796    0.0209964   -0.0783205   7.3695e+30       206000  -0.00164445  0.610865
     1.7e+06           40        5.796    0.0197081     -0.10821   7.3695e+30       206000  -0.00213262  0.698132
     1.7e+06           45        5.796     0.018731      -0.1314   7.3695e+30       206000  -0.00246126  0.785398
     1.7e+06            5        5.796    0.0236617    0.0158576   7.3695e+30       206000  0.000375218  0.0872665
     1.7e+06           50        5.796    0.0155713    -0.147373   7.3695e+30       206000  -0.00229479  0.872665
     1.7e+06           55        5.796    0.0145056    -0.154746   7.3695e+30       206000   -0.0022447  0.959931
     1.7e+06           60        5.796    0.0126866     -0.16706   7.3695e+30       206000  -0.00211942    1.0472
     1.7e+06           65        5.796    0.0123753    -0.171047   7.3695e+30       206000  -0.00211676   1.13446
     1.7e+06           70        5.796   0.00977968    -0.178605   7.3695e+30       206000   -0.0017467   1.22173
     1.7e+06           75        5.796   0.00878508     -0.18325   7.3695e+30       206000  -0.00160987     1.309
     1.7e+06           80        5.796   0.00634281    -0.188946   7.3695e+30       206000  -0.00119845   1.39626
     1.7e+06           85        5.796   0.00608242    -0.189995   7.3695e+30       206000  -0.00115563   1.48353
     1.7e+06           90        5.796   0.00331003    -0.194986   7.3695e+30       206000 -0.000645409    1.5708
     1.7e+06           10         6.21    0.0242295    0.0257816   7.3695e+30       206000  0.000624675  0.174533
     1.7e+06           15         6.21    0.0238114    0.0256516   7.3695e+30       206000  0.000610799  0.261799
     1.7e+06           20         6.21    0.0227482    0.0184137   7.3695e+30       206000  0.000418879  0.349066
     1.7e+06           25         6.21    0.0236488   -0.0039259   7.3695e+30       206000 -9.28428e-05  0.436332
     1.7e+06           30         6.21    0.0238037   -0.0375938   7.3695e+30       206000 -0.000894872  0.523599
     1.7e+06           35         6.21    0.0200922   -0.0726703   7.3695e+30       206000  -0.00146011  0.610865
     1.7e+06           40         6.21    0.0186456     -0.10346   7.3695e+30       206000  -0.00192908  0.698132
     1.7e+06           45         6.21     0.017592    -0.128123   7.3695e+30       206000  -0.00225394  0.785398
     1.7e+06            5         6.21    0.0232889    0.0159229   7.3695e+30       206000  0.000370828  0.0872665
     1.7e+06           50         6.21     0.014666    -0.146576   7.3695e+30       206000  -0.00214969  0.872665
     1.7e+06           55         6.21    0.0137927     -0.15589   7.3695e+30       206000  -0.00215015  0.959931
     1.7e+06           60         6.21    0.0121772    -0.170116   7.3695e+30       206000  -0.00207153    1.0472
     1.7e+06           65         6.21    0.0119434    -0.175606   7.3695e+30       206000  -0.00209734   1.13446
     1.7e+06           70         6.21   0.00942931    -0.184126   7.3695e+30       206000  -0.00173618   1.22173
     1.7e+06           75         6.21   0.00845312    -0.189357   7.3695e+30       206000  -0.00160066     1.309
     1.7e+06           80         6.21     0.006108    -0.194506   7.3695e+30       206000  -0.00118805   1.39626
     1.7e+06           85         6.21    0.0058837     -0.19456   7.3695e+30       206000  -0.00114473   1.48353
     1.7e+06           90         6.21   0.00320925    -0.198699   7.3695e+30       206000 -0.000637675    1.5708
     1.7e+06           10        6.831    0.0236717    0.0267594   7.3695e+30       206000  0.000633439  0.174533
     1.7e+06           15        6.831    0.0231814    0.0276129   7.3695e+30       206000  0.000640104  0.261799
     1.7e+06           20        6.831    0.0220188    0.0217481   7.3695e+30       206000  0.000478867  0.349066
     1.7e+06           25        6.831    0.0227271   0.00136496   7.3695e+30       206000  3.10217e-05  0.436332
     1.7e+06           30        6.831    0.0226727    -0.029915   7.3695e+30       206000 -0.000678252  0.523599
     1.7e+06           35        6.831    0.0189076    -0.064129   7.3695e+30       206000  -0.00121252  0.610865
     1.7e+06           40        6.831    0.0172721   -0.0960933   7.3695e+30       206000  -0.00165973  0.698132
     1.7e+06           45        6.831    0.0161315    -0.123061   7.3695e+30       206000  -0.00198516  0.785398
     1.7e+06            5        6.831    0.0227663    0.0159154   7.3695e+30       206000  0.000362335  0.0872665
     1.7e+06           50        6.831    0.0135016    -0.145196   7.3695e+30       206000  -0.00196038  0.872665
     1.7e+06           55        6.831    0.0128658    -0.157425   7.3695e+30       206000  -0.00202539  0.959931
     1.7e+06           60        6.831    0.0115072      -0.1746   7.3695e+30       206000  -0.00200917    1.0472
     1.7e+06           65        6.831    0.0113713    -0.182401   7.3695e+30       206000  -0.00207413   1.13446
     1.7e+06           70        6.831   0.00896569    -0.192367   7.3695e+30       206000   -0.0017247   1.22173
     1.7e+06           75        6.831   0.00801493    -0.198414   7.3695e+30       206000  -0.00159027     1.309
     1.7e+06           80        6.831   0.00576709    -0.202774   7.3695e+30       206000  -0.00116941   1.39626
     1.7e+06           85        6.831   0.00552824    -0.201215   7.3695e+30       206000  -0.00111236   1.48353
     1.7e+06           90        6.831     0.003008    -0.203996   7.3695e+30       206000  -0.00061362    1.5708
     1.7e+06           10        7.659    0.0230033    0.0277213   7.3695e+30       206000  0.000637682  0.174533
     1.7e+06           15        7.659    0.0223426    0.0302444   7.3695e+30       206000   0.00067574  0.261799
     1.7e+06           20        7.659    0.0209368    0.0262594   7.3695e+30       206000  0.000549788  0.349066
     1.7e+06           25        7.659    0.0212504   0.00851968   7.3695e+30       206000  0.000181047  0.436332
     1.7e+06           30        7.659    0.0211395   -0.0197266   7.3695e+30       206000  -0.00041701  0.523599
     1.7e+06           35        7.659    0.0179484    -0.052776   7.3695e+30       206000 -0.000947242  0.610865
     1.7e+06           40        7.659    0.0169396   -0.0859912   7.3695e+30       206000  -0.00145665  0.698132
     1.7e+06           45        7.659    0.0161741    -0.116051   7.3695e+30       206000  -0.00187703  0.785398
     1.7e+06            5        7.659    0.0221545    0.0158204   7.3695e+30       206000  0.000350494  0.0872665
     1.7e+06           50        7.659    0.0135032    -0.143276   7.3695e+30       206000  -0.00193469  0.872665
     1.7e+06           55        7.659    0.0126124    -0.159663   7.3695e+30       206000  -0.00201373  0.959931
     1.7e+06           60        7.659    0.0110565     -0.18053   7.3695e+30       206000  -0.00199602    1.0472
     1.7e+06           65        7.659    0.0107587    -0.191439   7.3695e+30       206000  -0.00205964   1.13446
     1.7e+06           70        7.659   0.00843812    -0.203344   7.3695e+30       206000  -0.00171584   1.22173
     1.7e+06           75        7.659   0.00751846    -0.210305   7.3695e+30       206000  -0.00158117     1.309
     1.7e+06           80        7.659   0.00537666    -0.213572   7.3695e+30       206000  -0.00114831   1.39626
     1.7e+06           85        7.659   0.00511135    -0.209724   7.3695e+30       206000  -0.00107197   1.48353
     1.7e+06           90        7.659   0.00276955    -0.210586   7.3695e+30       206000 -0.000583229    1.5708
     1.7e+06           10         8.28    0.0225501    0.0282233   7.3695e+30       206000  0.000636438  0.174533
     1.7e+06           15         8.28    0.0217313    0.0322922   7.3695e+30       206000  0.000701752  0.261799
     1.7e+06           20         8.28    0.0201009    0.0296215   7.3695e+30       206000  0.000595419  0.349066
     1.7e+06           25         8.28    0.0200752    0.0139762   7.3695e+30       206000  0.000280575  0.436332
     1.7e+06           30         8.28    0.0197512    -0.011856   7.3695e+30       206000 -0.000234171  0.523599
     1.7e+06           35         8.28    0.0167061   -0.0438196   7.3695e+30       206000 -0.000732053  0.610865
     1.7e+06           40         8.28    0.0157642   -0.0781294   7.3695e+30       206000  -0.00123165  0.698132
     1.7e+06           45         8.28    0.0150437    -0.110527   7.3695e+30       206000  -0.00166275  0.785398
     1.7e+06            5         8.28    0.0217471    0.0157607   7.3695e+30       206000  0.000342748  0.0872665
     1.7e+06           50         8.28    0.0125313    -0.141492   7.3695e+30       206000  -0.00177309  0.872665
     1.7e+06           55         8.28    0.0116719    -0.161042   7.3695e+30       206000  -0.00187967  0.959931
     1.7e+06           60         8.28    0.0102045    -0.184782   7.3695e+30       206000  -0.00188561    1.0472
     1.7e+06           65         8.28   0.00992211    -0.198083   7.3695e+30       206000   -0.0019654   1.13446
     1.7e+06           70         8.28   0.00779603    -0.211503   7.3695e+30       206000  -0.00164889   1.22173
     1.7e+06           75         8.28   0.00696153    -0.219066   7.3695e+30       206000  -0.00152503     1.309
     1.7e+06           80         8.28   0.00500238    -0.221483   7.3695e+30       206000  -0.00110794   1.39626
     1.7e+06           85         8.28   0.00478914    -0.215805   7.3695e+30       206000  -0.00103352   1.48353
     1.7e+06           90         8.28   0.00260421    -0.215217   7.3695e+30       206000 -0.000560471    1.5708
     1.7e+06           10        8.694    0.0219941    0.0286951   7.3695e+30       206000  0.000631124  0.174533
     1.7e+06           15        8.694    0.0211321    0.0335637   7.3695e+30       206000  0.000709271  0.261799
     1.7e+06           20        8.694    0.0194494    0.0319099   7.3695e+30       206000  0.000620626  0.349066
     1.7e+06           25        8.694    0.0193045    0.0176011   7.3695e+30       206000  0.000339779  0.436332
     1.7e+06           30        8.694    0.0189121  -0.00656064   7.3695e+30       206000 -0.000124076  0.523599
     1.7e+06           35        8.694    0.0159725   -0.0377223   7.3695e+30       206000 -0.000602518  0.610865
     1.7e+06           40        8.694    0.0150703   -0.0728568   7.3695e+30       206000  -0.00109798  0.698132
     1.7e+06           45        8.694    0.0143756    -0.106659   7.3695e+30       206000  -0.00153328  0.785398
     1.7e+06            5        8.694    0.0212217    0.0157427   7.3695e+30       206000  0.000334087  0.0872665
     1.7e+06           50        8.694    0.0119533    -0.140262   7.3695e+30       206000  -0.00167659  0.872665
     1.7e+06           55        8.694    0.0111084    -0.161904   7.3695e+30       206000   -0.0017985  0.959931
     1.7e+06           60        8.694   0.00969076    -0.187495   7.3695e+30       206000  -0.00181697    1.0472
     1.7e+06           65        8.694   0.00941441     -0.20248   7.3695e+30       206000  -0.00190623   1.13446
     1.7e+06           70        8.694   0.00740446    -0.216841   7.3695e+30       206000  -0.00160559   1.22173
     1.7e+06           75        8.694   0.00662031    -0.224793   7.3695e+30       206000   -0.0014882     1.309
     1.7e+06           80        8.694   0.00477181    -0.226659   7.3695e+30       206000  -0.00108157   1.39626
     1.7e+06           85        8.694   0.00458968    -0.219741   7.3695e+30       206000  -0.00100854   1.48353
     1.7e+06           90        8.694   0.00250159    -0.218176   7.3695e+30       206000 -0.000545786    1.5708
     1.7e+06           10        9.315    0.0211477    0.0294822   7.3695e+30       206000  0.000623482  0.174533
     1.7e+06           15        9.315    0.0202452    0.0355704   7.3695e+30       206000  0.000720132  0.261799
     1.7e+06           20        9.315    0.0185207    0.0353025   7.3695e+30       206000  0.000653827  0.349066
     1.7e+06           25        9.315    0.0182449    0.0230203   7.3695e+30       206000  0.000420003  0.436332
     1.7e+06           30        9.315    0.0177815   0.00142969   7.3695e+30       206000  2.54221e-05  0.523599
     1.7e+06           35        9.315    0.0149901   -0.0284439   7.3695e+30       206000 -0.000426376  0.610865
     1.7e+06           40        9.315    0.0141413   -0.0646546   7.3695e+30       206000 -0.000914298  0.698132
     1.7e+06           45        9.315    0.0134815    -0.100739   7.3695e+30       206000  -0.00135811  0.785398
     1.7e+06            5        9.315    0.0204177    0.0157304   7.3695e+30       206000  0.000321179  0.0872665
     1.7e+06           50        9.315    0.0111815    -0.138308   7.3695e+30       206000  -0.00154649  0.872665
     1.7e+06           55        9.315    0.0103581    -0.163072   7.3695e+30       206000  -0.00168912  0.959931
     1.7e+06           60        9.315   0.00900839    -0.191553   7.3695e+30       206000  -0.00172559    1.0472
     1.7e+06           65        9.315   0.00874075    -0.209037   7.3695e+30       206000  -0.00182714   1.13446
     1.7e+06           70        9.315   0.00688428    -0.224855   7.3695e+30       206000  -0.00154797   1.22173
     1.7e+06           75        9.315   0.00616633    -0.233262   7.3695e+30       206000  -0.00143837     1.309
     1.7e+06           80        9.315   0.00443655      -0.2343   7.3695e+30       206000  -0.00103948   1.39626
     1.7e+06           85        9.315   0.00424037    -0.225528   7.3695e+30       206000  -0.00095632   1.48353
     1.7e+06           90        9.315   0.00230379    -0.222445   7.3695e+30       206000 -0.000512466    1.5708
     1.7e+06           10        9.729    0.0206941    0.0298836   7.3695e+30       206000  0.000618414  0.174533
     1.7e+06           15        9.729    0.0197568    0.0369216   7.3695e+30       206000  0.000729452  0.261799
     1.7e+06           20        9.729    0.0179913     0.037593   7.3695e+30       206000  0.000676347  0.349066
     1.7e+06           25        9.729    0.0176227    0.0266817   7.3695e+30       206000  0.000470203  0.436332
     1.7e+06           30        9.729    0.0171078   0.00682378   7.3695e+30       206000   0.00011674  0.523599
     1.7e+06           35        9.729    0.0144022   -0.0221896   7.3695e+30       206000 -0.000319579  0.610865
     1.7e+06           40        9.729    0.0135854   -0.0590991   7.3695e+30       206000 -0.000802882  0.698132
     1.7e+06           45        9.729    0.0129468   -0.0966797   7.3695e+30       206000  -0.00125169  0.785398
     1.7e+06            5        9.729     0.019989    0.0157163   7.3695e+30       206000  0.000314154  0.0872665
     1.7e+06           50        9.729    0.0107209    -0.136887   7.3695e+30       206000  -0.00146755  0.872665
     1.7e+06           55        9.729    0.0099115    -0.163787   7.3695e+30       206000  -0.00162338  0.959931
     1.7e+06           60        9.729   0.00860324    -0.194165   7.3695e+30       206000  -0.00167045    1.0472
     1.7e+06           65        9.729   0.00834117    -0.213323   7.3695e+30       206000  -0.00177936   1.13446
     1.7e+06           70        9.729   0.00657537    -0.230109   7.3695e+30       206000  -0.00151305   1.22173
     1.7e+06           75        9.729   0.00589634    -0.238837   7.3695e+30       206000  -0.00140827     1.309
     1.7e+06           80        9.729   0.00423748    -0.239332   7.3695e+30       206000  -0.00101416   1.39626
     1.7e+06           85        9.729   0.00403403    -0.229279   7.3695e+30       206000 -0.000924918   1.48353
     1.7e+06           90        9.729   0.00218724    -0.225195   7.3695e+30       206000 -0.000492556    1.5708
     1.7e+06           10        10.35    0.0200797    0.0317542   7.3695e+30       206000  0.000637616  0.174533
     1.7e+06           15        10.35    0.0191767     0.039298   7.3695e+30       206000  0.000753607  0.261799
     1.7e+06           20        10.35     0.017473     0.041168   7.3695e+30       206000  0.000719327  0.349066
     1.7e+06           25        10.35    0.0171271    0.0321559   7.3695e+30       206000  0.000550737  0.436332
     1.7e+06           30        10.35    0.0166495    0.0145087   7.3695e+30       206000  0.000241562  0.523599
     1.7e+06           35        10.35    0.0140509   -0.0125978   7.3695e+30       206000  -0.00017701  0.610865
     1.7e+06           40        10.35    0.0132992   -0.0488501   7.3695e+30       206000 -0.000649668  0.698132
     1.7e+06           45        10.35    0.0126815   -0.0865036   7.3695e+30       206000    -0.001097  0.785398
     1.7e+06            5        10.35    0.0193945     0.016693   7.3695e+30       206000  0.000323751  0.0872665
     1.7e+06           50        10.35    0.0104051    -0.127801   7.3695e+30       206000  -0.00132979  0.872665
     1.7e+06           55        10.35    0.0094891    -0.156224   7.3695e+30       206000  -0.00148243  0.959931
     1.7e+06           60        10.35   0.00812679     -0.18746   7.3695e+30       206000  -0.00152344    1.0472
     1.7e+06           65        10.35   0.00781262    -0.208151   7.3695e+30       206000   -0.0016262   1.13446
     1.7e+06           70        10.35   0.00615951    -0.225565   7.3695e+30       206000  -0.00138937   1.22173
     1.7e+06           75        10.35   0.00553237    -0.234487   7.3695e+30       206000  -0.00129727     1.309
     1.7e+06           80        10.35   0.00396949    -0.234668   7.3695e+30       206000 -0.000931514   1.39626
     1.7e+06           85        10.35    0.0037576    -0.223928   7.3695e+30       206000 -0.000841434   1.48353
     1.7e+06           90        10.35   0.00203147    -0.219042   7.3695e+30       206000 -0.000444978    1.5708
