#   Radius[cm]     Phi[deg]   Energy[keV]     I          Q/I        mu[Gcm3]      Mass[cm]        Q      Phi[rad]
       1e+06           10         1.38   0.00868471    -0.368829      1.5e+30       206000  -0.00320317  0.174533
       1e+06           15         1.38   0.00878557    -0.355393      1.5e+30       206000  -0.00312233  0.261799
       1e+06           20         1.38   0.00898583    -0.364816      1.5e+30       206000  -0.00327818  0.349066
       1e+06           25         1.38    0.0092812     -0.34577      1.5e+30       206000  -0.00320916  0.436332
       1e+06           30         1.38    0.0085918    -0.352507      1.5e+30       206000  -0.00302867  0.523599
       1e+06           35         1.38   0.00905831    -0.336128      1.5e+30       206000  -0.00304475  0.610865
       1e+06           40         1.38   0.00778042     -0.34783      1.5e+30       206000  -0.00270626  0.698132
       1e+06           45         1.38   0.00781758    -0.356296      1.5e+30       206000  -0.00278538  0.785398
       1e+06            5         1.38   0.00911895    -0.193991      1.5e+30       206000    -0.001769  0.0872665
       1e+06           50         1.38   0.00660949    -0.342519      1.5e+30       206000  -0.00226388  0.872665
       1e+06           55         1.38   0.00635451    -0.343714      1.5e+30       206000  -0.00218413  0.959931
       1e+06           60         1.38   0.00543556    -0.356186      1.5e+30       206000  -0.00193607    1.0472
       1e+06           65         1.38   0.00532042    -0.357517      1.5e+30       206000  -0.00190214   1.13446
       1e+06           70         1.38   0.00447418    -0.373532      1.5e+30       206000  -0.00167125   1.22173
       1e+06           75         1.38    0.0040306    -0.330896      1.5e+30       206000  -0.00133371     1.309
       1e+06           80         1.38   0.00431047     -0.37342      1.5e+30       206000  -0.00160962   1.39626
       1e+06           85         1.38   0.00389162    -0.362553      1.5e+30       206000  -0.00141092   1.48353
       1e+06           90         1.38   0.00315531    -0.338545      1.5e+30       206000  -0.00106822    1.5708
       1e+06           10        1.656   0.00868471    -0.379277      1.5e+30       206000  -0.00329391  0.174533
       1e+06           15        1.656   0.00878557    -0.364419      1.5e+30       206000  -0.00320163  0.261799
       1e+06           20        1.656   0.00898583    -0.364126      1.5e+30       206000  -0.00327198  0.349066
       1e+06           25        1.656    0.0092812    -0.351746      1.5e+30       206000  -0.00326463  0.436332
       1e+06           30        1.656    0.0085918    -0.355853      1.5e+30       206000  -0.00305742  0.523599
       1e+06           35        1.656   0.00905831     -0.33726      1.5e+30       206000  -0.00305501  0.610865
       1e+06           40        1.656   0.00778042    -0.347163      1.5e+30       206000  -0.00270108  0.698132
       1e+06           45        1.656   0.00781758    -0.356097      1.5e+30       206000  -0.00278382  0.785398
       1e+06            5        1.656   0.00911895    -0.203563      1.5e+30       206000  -0.00185628  0.0872665
       1e+06           50        1.656   0.00660949    -0.341667      1.5e+30       206000  -0.00225824  0.872665
       1e+06           55        1.656   0.00635451    -0.342277      1.5e+30       206000    -0.002175  0.959931
       1e+06           60        1.656   0.00543556    -0.353868      1.5e+30       206000  -0.00192347    1.0472
       1e+06           65        1.656   0.00532042    -0.354669      1.5e+30       206000  -0.00188699   1.13446
       1e+06           70        1.656   0.00447418    -0.370129      1.5e+30       206000  -0.00165602   1.22173
       1e+06           75        1.656    0.0040306    -0.324269      1.5e+30       206000    -0.001307     1.309
       1e+06           80        1.656   0.00431047    -0.369774      1.5e+30       206000   -0.0015939   1.39626
       1e+06           85        1.656   0.00389162    -0.358192      1.5e+30       206000  -0.00139395   1.48353
       1e+06           90        1.656   0.00315531    -0.331808      1.5e+30       206000  -0.00104696    1.5708
       1e+06           10        1.932   0.00868471    -0.348501      1.5e+30       206000  -0.00302663  0.174533
       1e+06           15        1.932   0.00878557    -0.333055      1.5e+30       206000  -0.00292607  0.261799
       1e+06           20        1.932   0.00898583    -0.334375      1.5e+30       206000  -0.00300464  0.349066
       1e+06           25        1.932    0.0092812    -0.322693      1.5e+30       206000  -0.00299498  0.436332
       1e+06           30        1.932    0.0085918    -0.323022      1.5e+30       206000  -0.00277534  0.523599
       1e+06           35        1.932   0.00905831    -0.308904      1.5e+30       206000  -0.00279815  0.610865
       1e+06           40        1.932   0.00778042    -0.316746      1.5e+30       206000  -0.00246442  0.698132
       1e+06           45        1.932   0.00781758      -0.3236      1.5e+30       206000  -0.00252977  0.785398
       1e+06            5        1.932   0.00911895    -0.192736      1.5e+30       206000  -0.00175755  0.0872665
       1e+06           50        1.932   0.00660949    -0.309803      1.5e+30       206000  -0.00204764  0.872665
       1e+06           55        1.932   0.00635451    -0.310696      1.5e+30       206000  -0.00197432  0.959931
       1e+06           60        1.932   0.00543556    -0.319934      1.5e+30       206000  -0.00173902    1.0472
       1e+06           65        1.932   0.00532042    -0.321218      1.5e+30       206000  -0.00170902   1.13446
       1e+06           70        1.932   0.00447418    -0.334336      1.5e+30       206000  -0.00149588   1.22173
       1e+06           75        1.932    0.0040306    -0.290807      1.5e+30       206000  -0.00117213     1.309
       1e+06           80        1.932   0.00431047    -0.334137      1.5e+30       206000  -0.00144029   1.39626
       1e+06           85        1.932   0.00389162    -0.323218      1.5e+30       206000  -0.00125784   1.48353
       1e+06           90        1.932   0.00315531    -0.297944      1.5e+30       206000 -0.000940107    1.5708
       1e+06           10        2.208   0.00958076    -0.312711      1.5e+30       206000  -0.00299601  0.174533
       1e+06           15        2.208    0.0097098    -0.304625      1.5e+30       206000  -0.00295785  0.261799
       1e+06           20        2.208   0.00996662    -0.304308      1.5e+30       206000  -0.00303292  0.349066
       1e+06           25        2.208    0.0103468    -0.293579      1.5e+30       206000  -0.00303761  0.436332
       1e+06           30        2.208   0.00962078    -0.291443      1.5e+30       206000  -0.00280391  0.523599
       1e+06           35        2.208    0.0102004    -0.278089      1.5e+30       206000  -0.00283661  0.610865
       1e+06           40        2.208   0.00881336    -0.283862      1.5e+30       206000  -0.00250178  0.698132
       1e+06           45        2.208   0.00890804     -0.28898      1.5e+30       206000  -0.00257425  0.785398
       1e+06            5        2.208    0.0100598    -0.178731      1.5e+30       206000    -0.001798  0.0872665
       1e+06           50        2.208   0.00756905    -0.276742      1.5e+30       206000  -0.00209467  0.872665
       1e+06           55        2.208   0.00726153     -0.27736      1.5e+30       206000  -0.00201406  0.959931
       1e+06           60        2.208   0.00615532    -0.284632      1.5e+30       206000    -0.001752    1.0472
       1e+06           65        2.208   0.00595215    -0.285915      1.5e+30       206000  -0.00170181   1.13446
       1e+06           70        2.208   0.00495195    -0.297579      1.5e+30       206000   -0.0014736   1.22173
       1e+06           75        2.208   0.00442459    -0.257375      1.5e+30       206000  -0.00113878     1.309
       1e+06           80        2.208   0.00469784    -0.297398      1.5e+30       206000  -0.00139713   1.39626
       1e+06           85        2.208    0.0042197    -0.287668      1.5e+30       206000  -0.00121387   1.48353
       1e+06           90        2.208   0.00341053    -0.264335      1.5e+30       206000 -0.000901524    1.5708
       1e+06           10         2.76    0.0116323    -0.227958      1.5e+30       206000  -0.00265168  0.174533
       1e+06           15         2.76    0.0118624     -0.22624      1.5e+30       206000  -0.00268375  0.261799
       1e+06           20         2.76    0.0123238    -0.219387      1.5e+30       206000  -0.00270369  0.349066
       1e+06           25         2.76    0.0130155    -0.213395      1.5e+30       206000  -0.00277745  0.436332
       1e+06           30         2.76    0.0122842    -0.210842      1.5e+30       206000  -0.00259002  0.523599
       1e+06           35         2.76    0.0131153    -0.200591      1.5e+30       206000   -0.0026308  0.610865
       1e+06           40         2.76    0.0112708    -0.203314      1.5e+30       206000  -0.00229152  0.698132
       1e+06           45         2.76    0.0112878    -0.206763      1.5e+30       206000   -0.0023339  0.785398
       1e+06            5         2.76    0.0122139    -0.136722      1.5e+30       206000   -0.0016699  0.0872665
       1e+06           50         2.76   0.00950617    -0.197193      1.5e+30       206000  -0.00187455  0.872665
       1e+06           55         2.76   0.00904965    -0.197004      1.5e+30       206000  -0.00178282  0.959931
       1e+06           60         2.76   0.00762956    -0.202193      1.5e+30       206000  -0.00154264    1.0472
       1e+06           65         2.76   0.00733706    -0.202662      1.5e+30       206000  -0.00148694   1.13446
       1e+06           70         2.76   0.00607388    -0.211161      1.5e+30       206000  -0.00128256   1.22173
       1e+06           75         2.76   0.00540136    -0.181567      1.5e+30       206000 -0.000980708     1.309
       1e+06           80         2.76   0.00570216    -0.211136      1.5e+30       206000  -0.00120393   1.39626
       1e+06           85         2.76   0.00509915    -0.204335      1.5e+30       206000  -0.00104194   1.48353
       1e+06           90         2.76   0.00410171    -0.187767      1.5e+30       206000 -0.000770167    1.5708
       1e+06           10        3.312    0.0126433    -0.135065      1.5e+30       206000  -0.00170767  0.174533
       1e+06           15        3.312    0.0129441    -0.130077      1.5e+30       206000  -0.00168373  0.261799
       1e+06           20        3.312    0.0135506    -0.128495      1.5e+30       206000  -0.00174117  0.349066
       1e+06           25        3.312    0.0144667    -0.126254      1.5e+30       206000  -0.00182648  0.436332
       1e+06           30        3.312    0.0137825    -0.123271      1.5e+30       206000  -0.00169898  0.523599
       1e+06           35        3.312    0.0147904    -0.117738      1.5e+30       206000   -0.0017414  0.610865
       1e+06           40        3.312    0.0126879    -0.118176      1.5e+30       206000   -0.0014994  0.698132
       1e+06           45        3.312    0.0126573    -0.120062      1.5e+30       206000  -0.00151966  0.785398
       1e+06            5        3.312    0.0132755   -0.0845837      1.5e+30       206000  -0.00112289  0.0872665
       1e+06           50        3.312    0.0106234    -0.114505      1.5e+30       206000  -0.00121643  0.872665
       1e+06           55        3.312    0.0101181    -0.114152      1.5e+30       206000    -0.001155  0.959931
       1e+06           60        3.312   0.00856786    -0.117209      1.5e+30       206000  -0.00100423    1.0472
       1e+06           65        3.312   0.00828918    -0.117258      1.5e+30       206000 -0.000971973   1.13446
       1e+06           70        3.312   0.00689642     -0.12232      1.5e+30       206000  -0.00084357   1.22173
       1e+06           75        3.312   0.00612879    -0.105063      1.5e+30       206000 -0.000643908     1.309
       1e+06           80        3.312   0.00641887    -0.122299      1.5e+30       206000 -0.000785024   1.39626
       1e+06           85        3.312   0.00569805    -0.118604      1.5e+30       206000 -0.000675813   1.48353
       1e+06           90        3.312    0.0045578    -0.109245      1.5e+30       206000 -0.000497917    1.5708
       1e+06           10         4.14    0.0135177   -0.0349492      1.5e+30       206000 -0.000472431  0.174533
       1e+06           15         4.14    0.0138479   -0.0344731      1.5e+30       206000 -0.000477378  0.261799
       1e+06           20         4.14    0.0145139   -0.0335827      1.5e+30       206000 -0.000487417  0.349066
       1e+06           25         4.14    0.0155214   -0.0331536      1.5e+30       206000 -0.000514592  0.436332
       1e+06           30         4.14    0.0148091   -0.0323695      1.5e+30       206000 -0.000479363  0.523599
       1e+06           35         4.14    0.0159688   -0.0308977      1.5e+30       206000 -0.000493399  0.610865
       1e+06           40         4.14    0.0138113   -0.0307196      1.5e+30       206000 -0.000424277  0.698132
       1e+06           45         4.14    0.0139046   -0.0311974      1.5e+30       206000 -0.000433788  0.785398
       1e+06            5         4.14    0.0141935   -0.0233702      1.5e+30       206000 -0.000331706  0.0872665
       1e+06           50         4.14    0.0117702   -0.0297849      1.5e+30       206000 -0.000350575  0.872665
       1e+06           55         4.14    0.0112611   -0.0296453      1.5e+30       206000 -0.000333838  0.959931
       1e+06           60         4.14    0.0095332    -0.030497      1.5e+30       206000 -0.000290734    1.0472
       1e+06           65         4.14   0.00920854   -0.0304065      1.5e+30       206000 -0.000279999   1.13446
       1e+06           70         4.14   0.00764977   -0.0317523      1.5e+30       206000 -0.000242898   1.22173
       1e+06           75         4.14   0.00678103   -0.0273925      1.5e+30       206000 -0.000185749     1.309
       1e+06           80         4.14   0.00706976    -0.031787      1.5e+30       206000 -0.000224726   1.39626
       1e+06           85         4.14   0.00625227   -0.0309446      1.5e+30       206000 -0.000193474   1.48353
       1e+06           90         4.14   0.00498448   -0.0286757      1.5e+30       206000 -0.000142933    1.5708
       1e+06           10        4.968     0.013275    0.0877538      1.5e+30       206000   0.00116493  0.174533
       1e+06           15        4.968    0.0135673    0.0878659      1.5e+30       206000    0.0011921  0.261799
       1e+06           20        4.968    0.0141552    0.0848395      1.5e+30       206000   0.00120092  0.349066
       1e+06           25        4.968    0.0150404    0.0842152      1.5e+30       206000   0.00126663  0.436332
       1e+06           30        4.968      0.01427    0.0823243      1.5e+30       206000   0.00117477  0.523599
       1e+06           35        4.968    0.0154276    0.0788527      1.5e+30       206000    0.0012165  0.610865
       1e+06           40        4.968    0.0135172    0.0777683      1.5e+30       206000   0.00105121  0.698132
       1e+06           45        4.968    0.0138284    0.0790177      1.5e+30       206000   0.00109269  0.785398
       1e+06            5        4.968    0.0139387    0.0608278      1.5e+30       206000  0.000847861  0.0872665
       1e+06           50        4.968    0.0118803    0.0754622      1.5e+30       206000  0.000896511  0.872665
       1e+06           55        4.968    0.0114456    0.0750588      1.5e+30       206000  0.000859095  0.959931
       1e+06           60        4.968   0.00966939    0.0773256      1.5e+30       206000  0.000747692    1.0472
       1e+06           65        4.968   0.00929563    0.0770379      1.5e+30       206000  0.000716116   1.13446
       1e+06           70        4.968   0.00769284    0.0803899      1.5e+30       206000  0.000618427   1.22173
       1e+06           75        4.968   0.00683751    0.0698145      1.5e+30       206000  0.000477358     1.309
       1e+06           80        4.968   0.00721161    0.0804898      1.5e+30       206000  0.000580461   1.39626
       1e+06           85        4.968   0.00644405    0.0787474      1.5e+30       206000  0.000507452   1.48353
       1e+06           90        4.968   0.00517105    0.0735055      1.5e+30       206000    0.0003801    1.5708
       1e+06           10         5.52    0.0136077     0.117205      1.5e+30       206000   0.00159489  0.174533
       1e+06           15         5.52    0.0138226      0.11702      1.5e+30       206000   0.00161752  0.261799
       1e+06           20         5.52    0.0142518     0.113328      1.5e+30       206000   0.00161512  0.349066
       1e+06           25         5.52    0.0148899     0.113107      1.5e+30       206000   0.00168416  0.436332
       1e+06           30         5.52     0.013922     0.110413      1.5e+30       206000   0.00153716  0.523599
       1e+06           35         5.52     0.014832     0.105645      1.5e+30       206000   0.00156693  0.610865
       1e+06           40         5.52    0.0128501     0.104112      1.5e+30       206000   0.00133784  0.698132
       1e+06           45         5.52    0.0130145     0.105863      1.5e+30       206000   0.00137775  0.785398
       1e+06            5         5.52     0.014288    0.0826852      1.5e+30       206000   0.00118141  0.0872665
       1e+06           50         5.52    0.0110846     0.101126      1.5e+30       206000   0.00112094  0.872665
       1e+06           55         5.52    0.0106947      0.10057      1.5e+30       206000   0.00107556  0.959931
       1e+06           60         5.52   0.00913999     0.103818      1.5e+30       206000  0.000948894    1.0472
       1e+06           65         5.52   0.00892683     0.103204      1.5e+30       206000  0.000921282   1.13446
       1e+06           70         5.52   0.00749067     0.107656      1.5e+30       206000  0.000806412   1.22173
       1e+06           75         5.52   0.00671547    0.0940627      1.5e+30       206000  0.000631675     1.309
       1e+06           80         5.52   0.00711419     0.107848      1.5e+30       206000  0.000767251   1.39626
       1e+06           85         5.52   0.00637223     0.105829      1.5e+30       206000  0.000674368   1.48353
       1e+06           90         5.52   0.00511446    0.0993899      1.5e+30       206000  0.000508326    1.5708
       1e+06           10        6.072    0.0133561     0.144857      1.5e+30       206000   0.00193472  0.174533
       1e+06           15        6.072    0.0135308     0.143481      1.5e+30       206000   0.00194141  0.261799
       1e+06           20        6.072    0.0138784     0.138479      1.5e+30       206000   0.00192186  0.349066
       1e+06           25        6.072    0.0143925     0.138425      1.5e+30       206000   0.00199227  0.436332
       1e+06           30        6.072    0.0133702     0.135699      1.5e+30       206000   0.00181433  0.523599
       1e+06           35        6.072    0.0141049     0.130165      1.5e+30       206000   0.00183596  0.610865
       1e+06           40        6.072    0.0120733     0.127817      1.5e+30       206000   0.00154318  0.698132
       1e+06           45        6.072    0.0120745      0.12988      1.5e+30       206000   0.00156823  0.785398
       1e+06            5        6.072    0.0140239     0.102932      1.5e+30       206000    0.0014435  0.0872665
       1e+06           50        6.072    0.0101696     0.124322      1.5e+30       206000   0.00126431  0.872665
       1e+06           55        6.072   0.00980528     0.123605      1.5e+30       206000   0.00121198  0.959931
       1e+06           60        6.072   0.00846477     0.127856      1.5e+30       206000   0.00108227    1.0472
       1e+06           65        6.072   0.00838656     0.126792      1.5e+30       206000   0.00106335   1.13446
       1e+06           70        6.072   0.00712488     0.132271      1.5e+30       206000  0.000942415   1.22173
       1e+06           75        6.072   0.00642664     0.116319      1.5e+30       206000  0.000747542     1.309
       1e+06           80        6.072   0.00680791     0.132565      1.5e+30       206000  0.000902494   1.39626
       1e+06           85        6.072   0.00609008     0.130432      1.5e+30       206000  0.000794344   1.48353
       1e+06           90        6.072   0.00488506     0.123062      1.5e+30       206000  0.000601167    1.5708
       1e+06           10          6.9    0.0129798      0.13146      1.5e+30       206000   0.00170633  0.174533
       1e+06           15          6.9    0.0131072     0.130077      1.5e+30       206000   0.00170494  0.261799
       1e+06           20          6.9    0.0133594     0.124626      1.5e+30       206000   0.00166492  0.349066
       1e+06           25          6.9      0.01373     0.125081      1.5e+30       206000   0.00171737  0.436332
       1e+06           30          6.9    0.0126553     0.122835      1.5e+30       206000   0.00155452  0.523599
       1e+06           35          6.9    0.0131845     0.117938      1.5e+30       206000   0.00155496  0.610865
       1e+06           40          6.9    0.0111058     0.115893      1.5e+30       206000   0.00128709  0.698132
       1e+06           45          6.9    0.0109207     0.117609      1.5e+30       206000   0.00128437  0.785398
       1e+06            5          6.9    0.0136288    0.0943807      1.5e+30       206000    0.0012863  0.0872665
       1e+06           50          6.9   0.00905998     0.112776      1.5e+30       206000   0.00102175  0.872665
       1e+06           55          6.9   0.00872113     0.111978      1.5e+30       206000  0.000976578  0.959931
       1e+06           60          6.9   0.00762205     0.116043      1.5e+30       206000  0.000884483    1.0472
       1e+06           65          6.9    0.0076861     0.114946      1.5e+30       206000  0.000883486   1.13446
       1e+06           70          6.9   0.00662935     0.119739      1.5e+30       206000  0.000793789   1.22173
       1e+06           75          6.9   0.00601976     0.106437      1.5e+30       206000  0.000640725     1.309
       1e+06           80          6.9   0.00636434     0.120147      1.5e+30       206000  0.000764656   1.39626
       1e+06           85          6.9   0.00567498     0.118684      1.5e+30       206000  0.000673527   1.48353
       1e+06           90          6.9   0.00454062     0.112782      1.5e+30       206000  0.000512103    1.5708
       1e+06           10        7.728    0.0126343     0.125069      1.5e+30       206000   0.00158017  0.174533
       1e+06           15        7.728    0.0126862     0.121781      1.5e+30       206000   0.00154493  0.261799
       1e+06           20        7.728    0.0127882     0.117945      1.5e+30       206000   0.00150829  0.349066
       1e+06           25        7.728    0.0129363     0.118694      1.5e+30       206000   0.00153547  0.436332
       1e+06           30        7.728    0.0117603     0.116849      1.5e+30       206000   0.00137418  0.523599
       1e+06           35        7.728    0.0122668      0.11206      1.5e+30       206000   0.00137462  0.610865
       1e+06           40        7.728    0.0105571     0.109896      1.5e+30       206000   0.00116018  0.698132
       1e+06           45        7.728    0.0106702     0.111686      1.5e+30       206000   0.00119171  0.785398
       1e+06            5        7.728     0.013266     0.090401      1.5e+30       206000   0.00119926  0.0872665
       1e+06           50        7.728   0.00907507     0.107536      1.5e+30       206000  0.000975897  0.872665
       1e+06           55        7.728   0.00878879     0.106893      1.5e+30       206000  0.000939459  0.959931
       1e+06           60        7.728   0.00757459     0.110802      1.5e+30       206000  0.000839279    1.0472
       1e+06           65        7.728    0.0074783      0.10964      1.5e+30       206000   0.00081992   1.13446
       1e+06           70        7.728   0.00633272     0.114113      1.5e+30       206000  0.000722648   1.22173
       1e+06           75        7.728   0.00568725     0.102445      1.5e+30       206000  0.000582633     1.309
       1e+06           80        7.728   0.00598286     0.114508      1.5e+30       206000  0.000685087   1.39626
       1e+06           85        7.728   0.00532174     0.113509      1.5e+30       206000  0.000604065   1.48353
       1e+06           90        7.728   0.00424802     0.108627      1.5e+30       206000   0.00046145    1.5708
       1e+06           10         8.28    0.0124285      0.12977      1.5e+30       206000   0.00161284  0.174533
       1e+06           15         8.28    0.0124235     0.127199      1.5e+30       206000   0.00158025  0.261799
       1e+06           20         8.28    0.0124137     0.122862      1.5e+30       206000   0.00152517  0.349066
       1e+06           25         8.28    0.0123997     0.123784      1.5e+30       206000   0.00153488  0.436332
       1e+06           30         8.28    0.0111487     0.121987      1.5e+30       206000      0.00136  0.523599
       1e+06           35         8.28    0.0115355     0.117018      1.5e+30       206000   0.00134985  0.610865
       1e+06           40         8.28   0.00990747     0.114885      1.5e+30       206000   0.00113822  0.698132
       1e+06           45         8.28    0.0100124     0.116754      1.5e+30       206000     0.001169  0.785398
       1e+06            5         8.28    0.0130499    0.0948597      1.5e+30       206000   0.00123791  0.0872665
       1e+06           50         8.28   0.00851347       0.1126      1.5e+30       206000  0.000958614  0.872665
       1e+06           55         8.28   0.00823257      0.11189      1.5e+30       206000  0.000921138  0.959931
       1e+06           60         8.28   0.00707735     0.116049      1.5e+30       206000  0.000821317    1.0472
       1e+06           65         8.28   0.00696549      0.11482      1.5e+30       206000  0.000799775   1.13446
       1e+06           70         8.28    0.0058828     0.119365      1.5e+30       206000  0.000702204   1.22173
       1e+06           75         8.28   0.00527986     0.107786      1.5e+30       206000  0.000569095     1.309
       1e+06           80         8.28   0.00556387     0.119821      1.5e+30       206000  0.000666666   1.39626
       1e+06           85         8.28   0.00495774     0.118995      1.5e+30       206000  0.000589948   1.48353
       1e+06           90         8.28   0.00396471      0.11427      1.5e+30       206000  0.000453048    1.5708
       1e+06           10        9.108    0.0118017     0.135723      1.5e+30       206000   0.00160177  0.174533
       1e+06           15        9.108    0.0117568     0.133882      1.5e+30       206000   0.00157403  0.261799
       1e+06           20        9.108    0.0116693     0.129451      1.5e+30       206000    0.0015106  0.349066
       1e+06           25        9.108    0.0115442     0.130597      1.5e+30       206000   0.00150763  0.436332
       1e+06           30        9.108    0.0102924     0.129507      1.5e+30       206000   0.00133294  0.523599
       1e+06           35        9.108    0.0105837      0.12405      1.5e+30       206000   0.00131291  0.610865
       1e+06           40        9.108   0.00907532     0.121803      1.5e+30       206000    0.0011054  0.698132
       1e+06           45        9.108   0.00917001     0.123877      1.5e+30       206000   0.00113595  0.785398
       1e+06            5        9.108    0.0123918     0.101156      1.5e+30       206000   0.00125351  0.0872665
       1e+06           50        9.108   0.00779436      0.11985      1.5e+30       206000  0.000934153  0.872665
       1e+06           55        9.108   0.00752163     0.119103      1.5e+30       206000  0.000895849  0.959931
       1e+06           60        9.108   0.00644369     0.123527      1.5e+30       206000  0.000795969    1.0472
       1e+06           65        9.108   0.00631442     0.122235      1.5e+30       206000   0.00077184   1.13446
       1e+06           70        9.108   0.00531332      0.12689      1.5e+30       206000  0.000674204   1.22173
       1e+06           75        9.108   0.00476389     0.115527      1.5e+30       206000   0.00055036     1.309
       1e+06           80        9.108   0.00503039     0.127347      1.5e+30       206000  0.000640605   1.39626
       1e+06           85        9.108   0.00449192     0.126825      1.5e+30       206000  0.000569688   1.48353
       1e+06           90        9.108    0.0035974     0.122434      1.5e+30       206000  0.000440446    1.5708
       1e+06           10       10.212    0.0111568     0.103109      1.5e+30       206000   0.00115037  0.174533
       1e+06           15       10.212    0.0110841     0.101304      1.5e+30       206000   0.00112286  0.261799
       1e+06           20       10.212    0.0109431    0.0985079      1.5e+30       206000   0.00107798  0.349066
       1e+06           25       10.212    0.0107426    0.0995083      1.5e+30       206000   0.00106898  0.436332
       1e+06           30       10.212   0.00951346    0.0990685      1.5e+30       206000  0.000942485  0.523599
       1e+06           35       10.212    0.0097409    0.0949919      1.5e+30       206000  0.000925306  0.610865
       1e+06           40       10.212   0.00835405    0.0935864      1.5e+30       206000  0.000781825  0.698132
       1e+06           45       10.212   0.00845434    0.0951475      1.5e+30       206000   0.00080441  0.785398
       1e+06            5       10.212    0.0117146    0.0780381      1.5e+30       206000  0.000914187  0.0872665
       1e+06           50       10.212   0.00719228    0.0924363      1.5e+30       206000  0.000664828  0.872665
       1e+06           55       10.212   0.00690767    0.0919379      1.5e+30       206000  0.000635077  0.959931
       1e+06           60       10.212    0.0058602    0.0953613      1.5e+30       206000  0.000558836    1.0472
       1e+06           65       10.212   0.00567168    0.0943235      1.5e+30       206000  0.000534972   1.13446
       1e+06           70       10.212   0.00472161    0.0977125      1.5e+30       206000   0.00046136   1.22173
       1e+06           75       10.212   0.00421378    0.0899031      1.5e+30       206000  0.000378832     1.309
       1e+06           80       10.212   0.00445711    0.0981022      1.5e+30       206000  0.000437252   1.39626
       1e+06           85       10.212   0.00399018    0.0979755      1.5e+30       206000   0.00039094   1.48353
       1e+06           90       10.212    0.0031979    0.0952415      1.5e+30       206000  0.000304573    1.5708
       1e+06           10        11.04    0.0107403    0.0794322      1.5e+30       206000  0.000853124  0.174533
       1e+06           15        11.04    0.0106722    0.0785868      1.5e+30       206000  0.000838697  0.261799
       1e+06           20        11.04    0.0105401    0.0761113      1.5e+30       206000  0.000802225  0.349066
       1e+06           25        11.04    0.0103523    0.0770781      1.5e+30       206000  0.000797932  0.436332
       1e+06           30        11.04   0.00917182    0.0768802      1.5e+30       206000  0.000705131  0.523599
       1e+06           35        11.04   0.00937445    0.0739825      1.5e+30       206000  0.000693545  0.610865
       1e+06           40        11.04   0.00800432    0.0728639      1.5e+30       206000  0.000583226  0.698132
       1e+06           45        11.04    0.0080588    0.0741132      1.5e+30       206000  0.000597264  0.785398
       1e+06            5        11.04    0.0112773    0.0608729      1.5e+30       206000  0.000686482  0.0872665
       1e+06           50        11.04   0.00682141    0.0720826      1.5e+30       206000  0.000491705  0.872665
       1e+06           55        11.04   0.00652064    0.0718157      1.5e+30       206000  0.000468284  0.959931
       1e+06           60        11.04   0.00551134     0.074471      1.5e+30       206000  0.000410435    1.0472
       1e+06           65        11.04   0.00531303    0.0736408      1.5e+30       206000  0.000391256   1.13446
       1e+06           70        11.04   0.00440683     0.076202      1.5e+30       206000  0.000335809   1.22173
       1e+06           75        11.04   0.00391287    0.0706416      1.5e+30       206000  0.000276411     1.309
       1e+06           80        11.04   0.00410471    0.0765225      1.5e+30       206000  0.000314102   1.39626
       1e+06           85        11.04   0.00364997    0.0765539      1.5e+30       206000  0.000279419   1.48353
       1e+06           90        11.04   0.00291052    0.0747413      1.5e+30       206000  0.000217536    1.5708
       1e+06           10       11.592    0.0104876    0.0497624      1.5e+30       206000  0.000521887  0.174533
       1e+06           15       11.592    0.0103866    0.0491498      1.5e+30       206000    0.0005105  0.261799
       1e+06           20       11.592    0.0101914    0.0478755      1.5e+30       206000   0.00048792  0.349066
       1e+06           25       11.592   0.00991564    0.0485458      1.5e+30       206000  0.000481363  0.436332
       1e+06           30       11.592   0.00871271    0.0484522      1.5e+30       206000   0.00042215  0.523599
       1e+06           35       11.592   0.00884965    0.0465712      1.5e+30       206000  0.000412139  0.610865
       1e+06           40       11.592   0.00754156    0.0459362      1.5e+30       206000  0.000346431  0.698132
       1e+06           45       11.592   0.00758873    0.0466796      1.5e+30       206000  0.000354239  0.785398
       1e+06            5       11.592     0.011012    0.0384266      1.5e+30       206000  0.000423153  0.0872665
       1e+06           50       11.592   0.00642153    0.0455114      1.5e+30       206000  0.000292253  0.872665
       1e+06           55       11.592   0.00614846     0.045339      1.5e+30       206000  0.000278765  0.959931
       1e+06           60       11.592   0.00521444    0.0470189      1.5e+30       206000  0.000245177    1.0472
       1e+06           65       11.592   0.00504856    0.0465114      1.5e+30       206000  0.000234815   1.13446
       1e+06           70       11.592   0.00420227    0.0480676      1.5e+30       206000  0.000201993   1.22173
       1e+06           75       11.592   0.00372695    0.0448092      1.5e+30       206000  0.000167001     1.309
       1e+06           80       11.592   0.00388098    0.0482942      1.5e+30       206000  0.000187429   1.39626
       1e+06           85       11.592   0.00342798    0.0483645      1.5e+30       206000  0.000165793   1.48353
       1e+06           90       11.592   0.00272072    0.0473312      1.5e+30       206000  0.000128775    1.5708
       1e+06           10        12.42    0.0101404   0.00420857      1.5e+30       206000  4.26765e-05  0.174533
       1e+06           15        12.42   0.00999596   0.00417579      1.5e+30       206000  4.17411e-05  0.261799
       1e+06           20        12.42    0.0097184   0.00407697      1.5e+30       206000  3.96216e-05  0.349066
       1e+06           25        12.42   0.00932997   0.00413833      1.5e+30       206000  3.86105e-05  0.436332
       1e+06           30        12.42    0.0081028   0.00413473      1.5e+30       206000  3.35028e-05  0.523599
       1e+06           35        12.42   0.00815744   0.00397806      1.5e+30       206000  3.24508e-05  0.610865
       1e+06           40        12.42   0.00693252   0.00392771      1.5e+30       206000  2.72289e-05  0.698132
       1e+06           45        12.42   0.00697047   0.00399401      1.5e+30       206000  2.78401e-05  0.785398
       1e+06            5        12.42    0.0106474   0.00329165      1.5e+30       206000  3.50476e-05  0.0872665
       1e+06           50        12.42   0.00589493   0.00390142      1.5e+30       206000  2.29986e-05  0.872665
       1e+06           55        12.42   0.00564961   0.00388716      1.5e+30       206000  2.19609e-05  0.959931
       1e+06           60        12.42   0.00480273   0.00403213      1.5e+30       206000  1.93653e-05    1.0472
       1e+06           65        12.42   0.00466426   0.00398596      1.5e+30       206000  1.85915e-05   1.13446
       1e+06           70        12.42    0.0038919   0.00411547      1.5e+30       206000   1.6017e-05   1.22173
       1e+06           75        12.42   0.00344615   0.00386129      1.5e+30       206000  1.33066e-05     1.309
       1e+06           80        12.42   0.00356295   0.00413631      1.5e+30       206000  1.47375e-05   1.39626
       1e+06           85        12.42    0.0031269    0.0041471      1.5e+30       206000  1.29676e-05   1.48353
       1e+06           90        12.42   0.00247108   0.00407161      1.5e+30       206000  1.00613e-05    1.5708
       1e+06           10       12.972   0.00935012   -0.0246382      1.5e+30       206000  -0.00023037  0.174533
       1e+06           15       12.972   0.00924188   -0.0243526      1.5e+30       206000 -0.000225064  0.261799
       1e+06           20       12.972   0.00903315   -0.0237641      1.5e+30       206000 -0.000214665  0.349066
       1e+06           25       12.972   0.00873942   -0.0242238      1.5e+30       206000 -0.000211702  0.436332
       1e+06           30       12.972   0.00764149   -0.0241841      1.5e+30       206000 -0.000184803  0.523599
       1e+06           35       12.972   0.00772974   -0.0233006      1.5e+30       206000 -0.000180107  0.610865
       1e+06           40       12.972   0.00657417   -0.0230366      1.5e+30       206000 -0.000151447  0.698132
       1e+06           45       12.972   0.00660693   -0.0234389      1.5e+30       206000 -0.000154859  0.785398
       1e+06            5       12.972   0.00981763   -0.0193335      1.5e+30       206000 -0.000189809  0.0872665
       1e+06           50       12.972   0.00558543   -0.0229251      1.5e+30       206000 -0.000128046  0.872665
       1e+06           55       12.972   0.00535619   -0.0228399      1.5e+30       206000 -0.000122335  0.959931
       1e+06           60       12.972   0.00456011   -0.0236842      1.5e+30       206000 -0.000108003    1.0472
       1e+06           65       12.972   0.00443721   -0.0234215      1.5e+30       206000 -0.000103926   1.13446
       1e+06           70       12.972   0.00370817   -0.0241689      1.5e+30       206000 -8.96223e-05   1.22173
       1e+06           75       12.972   0.00328016   -0.0227673      1.5e+30       206000 -7.46803e-05     1.309
       1e+06           80       12.972   0.00337605   -0.0242915      1.5e+30       206000 -8.20093e-05   1.39626
       1e+06           85       12.972    0.0029509   -0.0243714      1.5e+30       206000 -7.19178e-05   1.48353
       1e+06           90       12.972   0.00232592    -0.023969      1.5e+30       206000 -5.57501e-05    1.5708
       1e+06           10         13.8   0.00858657    -0.063102      1.5e+30       206000  -0.00054183  0.174533
       1e+06           15         13.8   0.00849825   -0.0622387      1.5e+30       206000  -0.00052892  0.261799
       1e+06           20         13.8   0.00832765   -0.0606962      1.5e+30       206000 -0.000505456  0.349066
       1e+06           25         13.8   0.00808693   -0.0618622      1.5e+30       206000 -0.000500275  0.436332
       1e+06           30         13.8   0.00709407   -0.0619906      1.5e+30       206000 -0.000439766  0.523599
       1e+06           35         13.8   0.00719077   -0.0597097      1.5e+30       206000 -0.000429359  0.610865
       1e+06           40         13.8   0.00611497   -0.0591307      1.5e+30       206000 -0.000361583  0.698132
       1e+06           45         13.8   0.00614045   -0.0601426      1.5e+30       206000 -0.000369303  0.785398
       1e+06            5         13.8    0.0090159   -0.0497162      1.5e+30       206000 -0.000448236  0.0872665
       1e+06           50         13.8   0.00518761   -0.0589329      1.5e+30       206000 -0.000305721  0.872665
       1e+06           55         13.8   0.00497692   -0.0587309      1.5e+30       206000 -0.000292299  0.959931
       1e+06           60         13.8   0.00424363   -0.0609075      1.5e+30       206000 -0.000258469    1.0472
       1e+06           65         13.8   0.00413755   -0.0602406      1.5e+30       206000 -0.000249248   1.13446
       1e+06           70         13.8   0.00346307   -0.0620801      1.5e+30       206000 -0.000214987   1.22173
       1e+06           75         13.8   0.00305791   -0.0588244      1.5e+30       206000  -0.00017988     1.309
       1e+06           80         13.8   0.00312692   -0.0624131      1.5e+30       206000 -0.000195161   1.39626
       1e+06           85         13.8   0.00271745   -0.0626778      1.5e+30       206000 -0.000170324   1.48353
       1e+06           90         13.8   0.00213397   -0.0617893      1.5e+30       206000 -0.000131856    1.5708
