       1e+06           10         2.07   0.00498755    -0.319135      1.5e+30       206000   -0.0015917 
       1e+06           15         2.07   0.00504903    -0.307479      1.5e+30       206000  -0.00155247 
       1e+06           20         2.07   0.00517121    -0.315639      1.5e+30       206000  -0.00163224 
       1e+06           25         2.07   0.00535167    -0.299183      1.5e+30       206000  -0.00160113 
       1e+06           30         2.07   0.00496261    -0.305012      1.5e+30       206000  -0.00151365 
       1e+06           35         2.07   0.00525131    -0.290829      1.5e+30       206000  -0.00152723 
       1e+06           40         2.07   0.00453525    -0.300924      1.5e+30       206000  -0.00136477 
       1e+06           45         2.07   0.00458413    -0.308296      1.5e+30       206000  -0.00141327 
       1e+06            5         2.07   0.00523693    -0.167854      1.5e+30       206000 -0.000879041 
       1e+06           50         2.07   0.00389592    -0.296432      1.5e+30       206000  -0.00115488 
       1e+06           55         2.07    0.0037443    -0.297475      1.5e+30       206000  -0.00111383 
       1e+06           60         2.07   0.00318379    -0.308079      1.5e+30       206000 -0.000980858 
       1e+06           65         2.07   0.00309069    -0.309335      1.5e+30       206000  -0.00095606 
       1e+06           70         2.07   0.00258039    -0.323195      1.5e+30       206000  -0.00083397 
       1e+06           75         2.07   0.00231411    -0.286274      1.5e+30       206000  -0.00066247 
       1e+06           80         2.07   0.00246906    -0.323115      1.5e+30       206000 -0.000797792 
       1e+06           85         2.07   0.00222632    -0.313708      1.5e+30       206000 -0.000698416 
       1e+06           90         2.07   0.00180353     -0.29295      1.5e+30       206000 -0.000528345 
       1e+06           10        2.484    0.0065402    -0.273553      1.5e+30       206000  -0.00178909 
       1e+06           15        2.484   0.00658405    -0.263027      1.5e+30       206000  -0.00173178 
       1e+06           20        2.484   0.00667058    -0.262819      1.5e+30       206000  -0.00175316 
       1e+06           25        2.484   0.00679695      -0.2537      1.5e+30       206000  -0.00172438 
       1e+06           30        2.484   0.00621817    -0.256642      1.5e+30       206000  -0.00159585 
       1e+06           35        2.484   0.00650181    -0.243169      1.5e+30       206000  -0.00158104 
       1e+06           40        2.484   0.00557628    -0.250389      1.5e+30       206000  -0.00139624 
       1e+06           45        2.484    0.0056066    -0.256836      1.5e+30       206000  -0.00143998 
       1e+06            5        2.484   0.00686721    -0.146819      1.5e+30       206000  -0.00100824 
       1e+06           50        2.484   0.00473987    -0.246469      1.5e+30       206000  -0.00116823 
       1e+06           55        2.484   0.00452917    -0.246895      1.5e+30       206000  -0.00111823 
       1e+06           60        2.484   0.00383028    -0.255042      1.5e+30       206000 -0.000976882 
       1e+06           65        2.484   0.00369573    -0.255768      1.5e+30       206000 -0.000945251 
       1e+06           70        2.484    0.0030685    -0.266933      1.5e+30       206000 -0.000819084 
       1e+06           75        2.484   0.00273485     -0.23389      1.5e+30       206000 -0.000639654 
       1e+06           80        2.484   0.00289274    -0.266729      1.5e+30       206000 -0.000771579 
       1e+06           85        2.484   0.00259037    -0.258328      1.5e+30       206000 -0.000669164 
       1e+06           90        2.484   0.00208871    -0.239321      1.5e+30       206000 -0.000499872 
       1e+06           10        2.898   0.00658146    -0.196686      1.5e+30       206000  -0.00129448 
       1e+06           15        2.898   0.00672355     -0.18772      1.5e+30       206000  -0.00126214 
       1e+06           20        2.898   0.00700916    -0.188418      1.5e+30       206000  -0.00132065 
       1e+06           25        2.898   0.00743878    -0.182061      1.5e+30       206000  -0.00135431 
       1e+06           30        2.898    0.0070506    -0.182311      1.5e+30       206000   -0.0012854 
       1e+06           35        2.898   0.00755622    -0.174443      1.5e+30       206000  -0.00131813 
       1e+06           40        2.898   0.00650869    -0.178767      1.5e+30       206000  -0.00116354 
       1e+06           45        2.898   0.00653045     -0.18263      1.5e+30       206000  -0.00119265 
       1e+06            5        2.898   0.00691054    -0.108776      1.5e+30       206000 -0.000751699 
       1e+06           50        2.898   0.00550813    -0.174877      1.5e+30       206000 -0.000963245 
       1e+06           55        2.898   0.00523918    -0.175358      1.5e+30       206000 -0.000918733 
       1e+06           60        2.898   0.00440311    -0.180356      1.5e+30       206000 -0.000794125 
       1e+06           65        2.898   0.00421654     -0.18124      1.5e+30       206000 -0.000764207 
       1e+06           70        2.898   0.00347821    -0.188669      1.5e+30       206000 -0.000656228 
       1e+06           75        2.898   0.00309161    -0.164095      1.5e+30       206000 -0.000507318 
       1e+06           80        2.898   0.00327442    -0.188596      1.5e+30       206000 -0.000617543 
       1e+06           85        2.898   0.00293742    -0.182408      1.5e+30       206000 -0.000535808 
       1e+06           90        2.898   0.00236618     -0.16847      1.5e+30       206000 -0.000398631 
       1e+06           10        3.312   0.00701798    -0.130243      1.5e+30       206000 -0.000914041 
       1e+06           15        3.312   0.00718498    -0.126732      1.5e+30       206000 -0.000910567 
       1e+06           20        3.312   0.00752158    -0.126539      1.5e+30       206000 -0.000951772 
       1e+06           25        3.312   0.00803008    -0.122223      1.5e+30       206000 -0.000981464 
       1e+06           30        3.312    0.0076503     -0.12139      1.5e+30       206000 -0.000928672 
       1e+06           35        3.312   0.00820981    -0.115892      1.5e+30       206000 -0.000951448 
       1e+06           40        3.312   0.00704272    -0.118236      1.5e+30       206000 -0.000832705 
       1e+06           45        3.312   0.00702575    -0.120337      1.5e+30       206000 -0.000845457 
       1e+06            5        3.312   0.00736888   -0.0744405      1.5e+30       206000 -0.000548543 
       1e+06           50        3.312   0.00589678     -0.11522      1.5e+30       206000 -0.000679426 
       1e+06           55        3.312   0.00561629    -0.115486      1.5e+30       206000 -0.000648604 
       1e+06           60        3.312   0.00475581    -0.118551      1.5e+30       206000 -0.000563804 
       1e+06           65        3.312   0.00460112    -0.119083      1.5e+30       206000 -0.000547914 
       1e+06           70        3.312   0.00382803     -0.12394      1.5e+30       206000 -0.000474446 
       1e+06           75        3.312   0.00340194    -0.107272      1.5e+30       206000 -0.000364934 
       1e+06           80        3.312   0.00356296    -0.123887      1.5e+30       206000 -0.000441405 
       1e+06           85        3.312   0.00316285    -0.119802      1.5e+30       206000 -0.000378916 
       1e+06           90        3.312   0.00252992    -0.110339      1.5e+30       206000 -0.000279149 
       1e+06           10         4.14   0.00750331   -0.0343505      1.5e+30       206000 -0.000257743 
       1e+06           15         4.14    0.0076866   -0.0340781      1.5e+30       206000 -0.000261945 
       1e+06           20         4.14   0.00805633   -0.0330296      1.5e+30       206000 -0.000266097 
       1e+06           25         4.14   0.00861557   -0.0321464      1.5e+30       206000 -0.000276959 
       1e+06           30         4.14   0.00822017   -0.0317687      1.5e+30       206000 -0.000261144 
       1e+06           35         4.14   0.00886389   -0.0302301      1.5e+30       206000 -0.000267957 
       1e+06           40         4.14   0.00766631   -0.0306357      1.5e+30       206000 -0.000234863 
       1e+06           45         4.14   0.00771811   -0.0311587      1.5e+30       206000 -0.000240486 
       1e+06            5         4.14   0.00787848   -0.0206022      1.5e+30       206000 -0.000162314 
       1e+06           50         4.14   0.00653336   -0.0297171      1.5e+30       206000 -0.000194152 
       1e+06           55         4.14   0.00625075   -0.0296887      1.5e+30       206000 -0.000185577 
       1e+06           60         4.14   0.00529164   -0.0304749      1.5e+30       206000 -0.000161262 
       1e+06           65         4.14   0.00511143   -0.0305399      1.5e+30       206000 -0.000156102 
       1e+06           70         4.14    0.0042462   -0.0318196      1.5e+30       206000 -0.000135112 
       1e+06           75         4.14   0.00376398   -0.0273841      1.5e+30       206000 -0.000103073 
       1e+06           80         4.14   0.00392425   -0.0318221      1.5e+30       206000 -0.000124878 
       1e+06           85         4.14   0.00347048   -0.0307897      1.5e+30       206000 -0.000106855 
       1e+06           90         4.14   0.00276676   -0.0283356      1.5e+30       206000 -7.83978e-05 
       1e+06           10        4.968    0.0073686     0.087926      1.5e+30       206000  0.000647892 
       1e+06           15        4.968   0.00753087    0.0846962      1.5e+30       206000  0.000637836 
       1e+06           20        4.968   0.00785723    0.0836808      1.5e+30       206000  0.000657499 
       1e+06           25        4.968   0.00834856    0.0822025      1.5e+30       206000  0.000686272 
       1e+06           30        4.968   0.00792092    0.0802542      1.5e+30       206000  0.000635687 
       1e+06           35        4.968   0.00856345    0.0766206      1.5e+30       206000  0.000656137 
       1e+06           40        4.968   0.00750306    0.0769043      1.5e+30       206000  0.000577018 
       1e+06           45        4.968   0.00767579    0.0781705      1.5e+30       206000   0.00060002 
       1e+06            5        4.968   0.00773703    0.0550632      1.5e+30       206000  0.000426026 
       1e+06           50        4.968   0.00659444     0.074578      1.5e+30       206000    0.0004918 
       1e+06           55        4.968   0.00635318    0.0743495      1.5e+30       206000  0.000472356 
       1e+06           60        4.968   0.00536724    0.0762801      1.5e+30       206000  0.000409414 
       1e+06           65        4.968   0.00515978     0.076332      1.5e+30       206000  0.000393856 
       1e+06           70        4.968   0.00427011    0.0796287      1.5e+30       206000  0.000340023 
       1e+06           75        4.968   0.00379533    0.0683498      1.5e+30       206000   0.00025941 
       1e+06           80        4.968   0.00400298    0.0796039      1.5e+30       206000  0.000318653 
       1e+06           85        4.968   0.00357693    0.0772094      1.5e+30       206000  0.000276173 
       1e+06           90        4.968   0.00287032     0.071197      1.5e+30       206000  0.000204358 
       1e+06           10         6.21   0.00738784     0.139801      1.5e+30       206000   0.00103282 
       1e+06           15         6.21   0.00747912     0.138079      1.5e+30       206000   0.00103271 
       1e+06           20         6.21   0.00766051     0.134736      1.5e+30       206000   0.00103215 
       1e+06           25         6.21   0.00792845      0.13281      1.5e+30       206000   0.00105298 
       1e+06           30         6.21   0.00735255     0.129597      1.5e+30       206000  0.000952868 
       1e+06           35         6.21   0.00773748     0.123628      1.5e+30       206000   0.00095657 
       1e+06           40         6.21   0.00660397     0.122911      1.5e+30       206000  0.000811704 
       1e+06           45         6.21     0.006585     0.124801      1.5e+30       206000  0.000821814 
       1e+06            5         6.21   0.00775723    0.0934832      1.5e+30       206000  0.000725171 
       1e+06           50         6.21   0.00553149       0.1191      1.5e+30       206000  0.000658802 
       1e+06           55         6.21   0.00533179     0.118506      1.5e+30       206000  0.000631851 
       1e+06           60         6.21   0.00461281     0.122117      1.5e+30       206000  0.000563304 
       1e+06           65         6.21   0.00458437     0.121614      1.5e+30       206000  0.000557522 
       1e+06           70         6.21   0.00390507     0.127003      1.5e+30       206000  0.000495955 
       1e+06           75         6.21   0.00352653     0.109515      1.5e+30       206000  0.000386208 
       1e+06           80         6.21   0.00373445     0.127113      1.5e+30       206000  0.000474697 
       1e+06           85         6.21    0.0033388      0.12377      1.5e+30       206000  0.000413243 
       1e+06           90         6.21   0.00267753     0.114846      1.5e+30       206000  0.000307504 
       1e+06           10        7.452   0.00707398     0.117536      1.5e+30       206000  0.000831445 
       1e+06           15        7.452   0.00711994     0.117887      1.5e+30       206000  0.000839348 
       1e+06           20        7.452   0.00721061      0.11412      1.5e+30       206000  0.000822878 
       1e+06           25        7.452   0.00734299     0.113057      1.5e+30       206000  0.000830179 
       1e+06           30        7.452   0.00671434     0.110444      1.5e+30       206000  0.000741559 
       1e+06           35        7.452   0.00703327     0.105695      1.5e+30       206000  0.000743382 
       1e+06           40        7.452   0.00605944     0.104209      1.5e+30       206000  0.000631446 
       1e+06           45        7.452   0.00612473     0.105858      1.5e+30       206000  0.000648351 
       1e+06            5        7.452   0.00742768    0.0814716      1.5e+30       206000  0.000605145 
       1e+06           50        7.452   0.00520855     0.101053      1.5e+30       206000  0.000526339 
       1e+06           55        7.452   0.00503628     0.100458      1.5e+30       206000  0.000505934 
       1e+06           60        7.452   0.00432826     0.103632      1.5e+30       206000  0.000448548 
       1e+06           65        7.452   0.00425813     0.103153      1.5e+30       206000   0.00043924 
       1e+06           70        7.452   0.00359485     0.107657      1.5e+30       206000  0.000387012 
       1e+06           75        7.452   0.00322388    0.0935719      1.5e+30       206000  0.000301665 
       1e+06           80        7.452   0.00339226     0.107821      1.5e+30       206000  0.000365756 
       1e+06           85        7.452   0.00301897     0.105479      1.5e+30       206000  0.000318438 
       1e+06           90        7.452   0.00241116    0.0986496      1.5e+30       206000   0.00023786 
       1e+06           10         8.28   0.00689873     0.123987      1.5e+30       206000   0.00085535 
       1e+06           15         8.28   0.00689596     0.124043      1.5e+30       206000  0.000855397 
       1e+06           20         8.28   0.00689054     0.120453      1.5e+30       206000  0.000829984 
       1e+06           25         8.28   0.00688274     0.119967      1.5e+30       206000    0.0008257 
       1e+06           30         8.28   0.00618835     0.117036      1.5e+30       206000   0.00072426 
       1e+06           35         8.28   0.00640305     0.111834      1.5e+30       206000   0.00071608 
       1e+06           40         8.28   0.00549939     0.110146      1.5e+30       206000  0.000605737 
       1e+06           45         8.28   0.00555766     0.111994      1.5e+30       206000  0.000622427 
       1e+06            5         8.28   0.00724367    0.0874692      1.5e+30       206000  0.000633598 
       1e+06           50         8.28   0.00472562      0.10697      1.5e+30       206000  0.000505498 
       1e+06           55         8.28   0.00456969      0.10636      1.5e+30       206000  0.000486034 
       1e+06           60         8.28   0.00392846     0.109842      1.5e+30       206000   0.00043151 
       1e+06           65         8.28   0.00386637      0.10916      1.5e+30       206000  0.000422055 
       1e+06           70         8.28    0.0032654     0.113878      1.5e+30       206000  0.000371856 
       1e+06           75         8.28   0.00293072    0.0995653      1.5e+30       206000  0.000291798 
       1e+06           80         8.28   0.00308837     0.114108      1.5e+30       206000  0.000352409 
       1e+06           85         8.28   0.00275192     0.111963      1.5e+30       206000  0.000308113 
       1e+06           90         8.28   0.00220071     0.105167      1.5e+30       206000  0.000231442 
       1e+06           10        9.108   0.00655085     0.131724      1.5e+30       206000  0.000862905 
       1e+06           15        9.108    0.0065259     0.130758      1.5e+30       206000  0.000853317 
       1e+06           20        9.108   0.00647733     0.126579      1.5e+30       206000  0.000819894 
       1e+06           25        9.108   0.00640788     0.126259      1.5e+30       206000  0.000809051 
       1e+06           30        9.108   0.00571307     0.123682      1.5e+30       206000  0.000706603 
       1e+06           35        9.108   0.00587475     0.118407      1.5e+30       206000  0.000695609 
       1e+06           40        9.108   0.00503749     0.116168      1.5e+30       206000  0.000585197 
       1e+06           45        9.108   0.00509004     0.118066      1.5e+30       206000   0.00060096 
       1e+06            5        9.108   0.00687839    0.0935999      1.5e+30       206000  0.000643817 
       1e+06           50        9.108   0.00432646     0.113043      1.5e+30       206000  0.000489076 
       1e+06           55        9.108   0.00417507     0.112451      1.5e+30       206000  0.000469489 
       1e+06           60        9.108   0.00357674     0.116246      1.5e+30       206000   0.00041578 
       1e+06           65        9.108   0.00350498     0.115324      1.5e+30       206000  0.000404209 
       1e+06           70        9.108   0.00294929     0.120293      1.5e+30       206000  0.000354779 
       1e+06           75        9.108   0.00264432     0.105785      1.5e+30       206000  0.000279729 
       1e+06           80        9.108   0.00279224     0.120555      1.5e+30       206000  0.000336619 
       1e+06           85        9.108   0.00249335     0.118612      1.5e+30       206000  0.000295742 
       1e+06           90        9.108   0.00199683     0.111949      1.5e+30       206000  0.000223544 
       1e+06           10        10.35   0.00615242    0.0973012      1.5e+30       206000  0.000598638 
       1e+06           15        10.35   0.00611404     0.096468      1.5e+30       206000   0.00058981 
       1e+06           20        10.35   0.00603953    0.0927153      1.5e+30       206000  0.000559957 
       1e+06           25        10.35   0.00593352    0.0928682      1.5e+30       206000  0.000551035 
       1e+06           30        10.35   0.00525821    0.0911421      1.5e+30       206000  0.000479244 
       1e+06           35        10.35   0.00538895    0.0872447      1.5e+30       206000  0.000470157 
       1e+06           40        10.35   0.00462657    0.0856298      1.5e+30       206000  0.000396173 
       1e+06           45        10.35   0.00468712    0.0869448      1.5e+30       206000  0.000407521 
       1e+06            5        10.35   0.00646005    0.0698565      1.5e+30       206000  0.000451276 
       1e+06           50        10.35   0.00399065    0.0834524      1.5e+30       206000  0.000333029 
       1e+06           55        10.35   0.00382802     0.083048      1.5e+30       206000   0.00031791 
       1e+06           60        10.35    0.0032374    0.0858635      1.5e+30       206000  0.000277975 
       1e+06           65        10.35   0.00312056    0.0851818      1.5e+30       206000  0.000265815 
       1e+06           70        10.35   0.00258869     0.088675      1.5e+30       206000  0.000229552 
       1e+06           75        10.35   0.00230616    0.0787293      1.5e+30       206000  0.000181562 
       1e+06           80        10.35   0.00243917     0.088913      1.5e+30       206000  0.000216873 
       1e+06           85        10.35   0.00218429     0.087835      1.5e+30       206000  0.000191857 
       1e+06           90        10.35   0.00175073    0.0835479      1.5e+30       206000   0.00014627 
       1e+06           10       11.592    0.0058214    0.0493459      1.5e+30       206000  0.000287262 
       1e+06           15       11.592   0.00576535    0.0481412      1.5e+30       206000  0.000277551 
       1e+06           20       11.592     0.005657    0.0467442      1.5e+30       206000  0.000264432 
       1e+06           25       11.592   0.00550392    0.0469612      1.5e+30       206000  0.000258471 
       1e+06           30       11.592   0.00483621    0.0462084      1.5e+30       206000  0.000223474 
       1e+06           35       11.592   0.00491222    0.0442623      1.5e+30       206000  0.000217426 
       1e+06           40       11.592   0.00418613    0.0433718      1.5e+30       206000   0.00018156 
       1e+06           45       11.592   0.00421232    0.0440746      1.5e+30       206000  0.000185656 
       1e+06            5       11.592   0.00611247    0.0356676      1.5e+30       206000  0.000218017 
       1e+06           50       11.592   0.00356443    0.0424483      1.5e+30       206000  0.000151304 
       1e+06           55       11.592   0.00341286     0.042215      1.5e+30       206000  0.000144074 
       1e+06           60       11.592    0.0028944    0.0437162      1.5e+30       206000  0.000126532 
       1e+06           65       11.592   0.00280233    0.0432848      1.5e+30       206000  0.000121298 
       1e+06           70       11.592   0.00233258    0.0450363      1.5e+30       206000  0.000105051 
       1e+06           75       11.592   0.00206874    0.0404478      1.5e+30       206000  8.36757e-05 
       1e+06           80       11.592   0.00215424    0.0451914      1.5e+30       206000  9.73531e-05 
       1e+06           85       11.592   0.00190279    0.0447934      1.5e+30       206000  8.52324e-05 
       1e+06           90       11.592   0.00151021     0.042901      1.5e+30       206000  6.47894e-05 
       1e+06           10        12.42   0.00562868   0.00418172      1.5e+30       206000  2.35376e-05 
       1e+06           15        12.42   0.00554851   0.00410669      1.5e+30       206000   2.2786e-05 
       1e+06           20        12.42   0.00539445   0.00397712      1.5e+30       206000  2.14544e-05 
       1e+06           25        12.42   0.00517884   0.00400027      1.5e+30       206000  2.07167e-05 
       1e+06           30        12.42   0.00449766   0.00394023      1.5e+30       206000  1.77218e-05 
       1e+06           35        12.42   0.00452799   0.00377541      1.5e+30       206000   1.7095e-05 
       1e+06           40        12.42   0.00384807   0.00370334      1.5e+30       206000  1.42507e-05 
       1e+06           45        12.42   0.00386914   0.00376326      1.5e+30       206000  1.45606e-05 
       1e+06            5        12.42   0.00591011   0.00305677      1.5e+30       206000  1.80658e-05 
       1e+06           50        12.42   0.00327213   0.00362995      1.5e+30       206000  1.18777e-05 
       1e+06           55        12.42   0.00313596   0.00360808      1.5e+30       206000  1.13148e-05 
       1e+06           60        12.42   0.00266588   0.00373972      1.5e+30       206000  9.96964e-06 
       1e+06           65        12.42   0.00258901   0.00370163      1.5e+30       206000  9.58357e-06 
       1e+06           70        12.42    0.0021603   0.00384732      1.5e+30       206000  8.31135e-06 
       1e+06           75        12.42   0.00191287   0.00347873      1.5e+30       206000  6.65437e-06 
       1e+06           80        12.42    0.0019777   0.00386343      1.5e+30       206000  7.64071e-06 
       1e+06           85        12.42   0.00173567   0.00383618      1.5e+30       206000  6.65834e-06 
       1e+06           90        12.42   0.00137163   0.00368834      1.5e+30       206000  5.05905e-06 
       1e+06           10       13.662    0.0047996   -0.0562502      1.5e+30       206000 -0.000269978 
       1e+06           15       13.662    0.0047516   -0.0555355      1.5e+30       206000 -0.000263883 
       1e+06           20       13.662   0.00465887    -0.053762      1.5e+30       206000  -0.00025047 
       1e+06           25       13.662   0.00452795   -0.0541965      1.5e+30       206000 -0.000245399 
       1e+06           30       13.662   0.00397491   -0.0537323      1.5e+30       206000 -0.000213581 
       1e+06           35       13.662   0.00403126   -0.0514541      1.5e+30       206000 -0.000207425 
       1e+06           40       13.662   0.00342865   -0.0505036      1.5e+30       206000 -0.000173159 
       1e+06           45       13.662   0.00344301    -0.051358      1.5e+30       206000 -0.000176826 
       1e+06            5       13.662   0.00503957   -0.0419239      1.5e+30       206000 -0.000211279 
       1e+06           50       13.662   0.00290883   -0.0496895      1.5e+30       206000 -0.000144538 
       1e+06           55       13.662   0.00279097   -0.0493768      1.5e+30       206000 -0.000137809 
       1e+06           60       13.662   0.00238015   -0.0511975      1.5e+30       206000 -0.000121858 
       1e+06           65       13.662   0.00232111   -0.0506689      1.5e+30       206000 -0.000117608 
       1e+06           70       13.662   0.00194314   -0.0525954      1.5e+30       206000   -0.0001022 
       1e+06           75       13.662   0.00171672    -0.048007      1.5e+30       206000 -8.24146e-05 
       1e+06           80       13.662   0.00175741   -0.0528337      1.5e+30       206000 -9.28506e-05 
       1e+06           85       13.662   0.00152871   -0.0526037      1.5e+30       206000 -8.04156e-05 
       1e+06           90       13.662   0.00120119   -0.0508272      1.5e+30       206000 -6.10534e-05 
       1e+06           10       15.318   0.00443268    -0.120309      1.5e+30       206000 -0.000533289 
       1e+06           15       15.318   0.00437394    -0.118321      1.5e+30       206000 -0.000517529 
       1e+06           20       15.318   0.00426092    -0.115202      1.5e+30       206000 -0.000490867 
       1e+06           25       15.318   0.00410242    -0.116277      1.5e+30       206000 -0.000477019 
       1e+06           30       15.318   0.00357183    -0.115735      1.5e+30       206000 -0.000413384 
       1e+06           35       15.318   0.00360067    -0.110948      1.5e+30       206000 -0.000399486 
       1e+06           40       15.318   0.00305789    -0.109262      1.5e+30       206000 -0.000334112 
       1e+06           45       15.318   0.00307064     -0.11107      1.5e+30       206000 -0.000341054 
       1e+06            5       15.318   0.00465431   -0.0910553      1.5e+30       206000 -0.000423799 
       1e+06           50       15.318    0.0025931    -0.107899      1.5e+30       206000 -0.000279794 
       1e+06           55       15.318    0.0024782    -0.107287      1.5e+30       206000 -0.000265879 
       1e+06           60       15.318   0.00209874     -0.11127      1.5e+30       206000 -0.000233526 
       1e+06           65       15.318   0.00202892    -0.110062      1.5e+30       206000 -0.000223307 
       1e+06           70       15.318   0.00168544     -0.11402      1.5e+30       206000 -0.000192174 
       1e+06           75       15.318   0.00147968     -0.10524      1.5e+30       206000 -0.000155722 
       1e+06           80       15.318   0.00150516    -0.114617      1.5e+30       206000 -0.000172517 
       1e+06           85       15.318   0.00130316    -0.114436      1.5e+30       206000 -0.000149129 
       1e+06           90       15.318   0.00102108    -0.111226      1.5e+30       206000 -0.000113571 
       1e+06           10        16.56   0.00381839    -0.169548      1.5e+30       206000   -0.0006474 
       1e+06           15        16.56   0.00379324     -0.16775      1.5e+30       206000 -0.000636314 
       1e+06           20        16.56   0.00374441    -0.162474      1.5e+30       206000 -0.000608368 
       1e+06           25        16.56     0.003675    -0.164532      1.5e+30       206000 -0.000604655 
       1e+06           30        16.56   0.00325388    -0.164108      1.5e+30       206000 -0.000533989 
       1e+06           35        16.56   0.00332069    -0.157946      1.5e+30       206000 -0.000524488 
       1e+06           40        16.56   0.00282854     -0.15556      1.5e+30       206000 -0.000440008 
       1e+06           45        16.56   0.00284033     -0.15822      1.5e+30       206000 -0.000449397 
       1e+06            5        16.56   0.00400931    -0.129933      1.5e+30       206000 -0.000520943 
       1e+06           50        16.56   0.00239739    -0.153902      1.5e+30       206000 -0.000368961 
       1e+06           55        16.56   0.00228006    -0.153365      1.5e+30       206000 -0.000349681 
       1e+06           60        16.56   0.00191439    -0.158978      1.5e+30       206000 -0.000304347 
       1e+06           65        16.56    0.0018309    -0.157237      1.5e+30       206000 -0.000287884 
       1e+06           70        16.56   0.00150682    -0.162683      1.5e+30       206000 -0.000245134 
       1e+06           75        16.56   0.00131702    -0.151146      1.5e+30       206000 -0.000199063 
       1e+06           80        16.56    0.0013404    -0.163498      1.5e+30       206000 -0.000219153 
       1e+06           85        16.56   0.00116216    -0.163532      1.5e+30       206000 -0.000190051 
       1e+06           90        16.56  0.000911623    -0.159575      1.5e+30       206000 -0.000145472 
       1e+06           10       17.388   0.00341692    -0.206305      1.5e+30       206000 -0.000704929 
       1e+06           15       17.388    0.0034146    -0.203498      1.5e+30       206000 -0.000694866 
       1e+06           20       17.388   0.00341007    -0.197886      1.5e+30       206000 -0.000674805 
       1e+06           25       17.388   0.00340354    -0.200877      1.5e+30       206000 -0.000683693 
       1e+06           30       17.388   0.00305807    -0.200555      1.5e+30       206000 -0.000613313 
       1e+06           35       17.388   0.00315438    -0.192976      1.5e+30       206000 -0.000608721 
       1e+06           40       17.388   0.00269385    -0.190474      1.5e+30       206000  -0.00051311 
       1e+06           45       17.388   0.00270508     -0.19355      1.5e+30       206000 -0.000523567 
       1e+06            5       17.388   0.00358777    -0.159309      1.5e+30       206000 -0.000571565 
       1e+06           50       17.388    0.0022825    -0.188761      1.5e+30       206000 -0.000430848 
       1e+06           55       17.388   0.00216424    -0.188179      1.5e+30       206000 -0.000407266 
       1e+06           60       17.388   0.00180739    -0.194997      1.5e+30       206000 -0.000352437 
       1e+06           65       17.388   0.00171697    -0.192977      1.5e+30       206000 -0.000331335 
       1e+06           70       17.388   0.00140482    -0.199355      1.5e+30       206000 -0.000280057 
       1e+06           75       17.388   0.00122446    -0.186087      1.5e+30       206000 -0.000227856 
       1e+06           80       17.388   0.00124661    -0.200353      1.5e+30       206000 -0.000249762 
       1e+06           85       17.388    0.0010818    -0.200619      1.5e+30       206000 -0.000217029 
       1e+06           90       17.388  0.000848905    -0.196244      1.5e+30       206000 -0.000166592 
       1e+06           10        18.63    0.0044014    -0.257655      1.5e+30       206000  -0.00113404 
       1e+06           15        18.63   0.00426746     -0.25629      1.5e+30       206000  -0.00109371 
       1e+06           20        18.63   0.00401536     -0.25096      1.5e+30       206000   -0.0010077 
       1e+06           25        18.63   0.00367435    -0.254253      1.5e+30       206000 -0.000934214 
       1e+06           30        18.63   0.00305946    -0.253878      1.5e+30       206000 -0.000776731 
       1e+06           35        18.63   0.00297643    -0.243973      1.5e+30       206000 -0.000726167 
       1e+06           40        18.63   0.00249282    -0.240614      1.5e+30       206000 -0.000599807 
       1e+06           45        18.63   0.00248649    -0.244642      1.5e+30       206000   -0.0006083 
       1e+06            5        18.63   0.00462147     -0.20152      1.5e+30       206000 -0.000931318 
       1e+06           50        18.63   0.00208463    -0.239051      1.5e+30       206000 -0.000498332 
       1e+06           55        18.63   0.00196682    -0.238342      1.5e+30       206000 -0.000468774 
       1e+06           60        18.63   0.00163797    -0.246972      1.5e+30       206000 -0.000404532 
       1e+06           65        18.63   0.00155206    -0.244275      1.5e+30       206000 -0.000379129 
       1e+06           70        18.63   0.00126713    -0.252074      1.5e+30       206000 -0.000319409 
       1e+06           75        18.63   0.00110376    -0.236633      1.5e+30       206000 -0.000261186 
       1e+06           80        18.63   0.00112506    -0.253325      1.5e+30       206000 -0.000285007 
       1e+06           85        18.63  0.000977545    -0.253969      1.5e+30       206000 -0.000248266 
       1e+06           90        18.63   0.00076647    -0.249472      1.5e+30       206000 -0.000191213 
       1e+06           10       19.458   0.00389867    -0.285015      1.5e+30       206000  -0.00111118 
       1e+06           15       19.458   0.00379639    -0.282354      1.5e+30       206000  -0.00107193 
       1e+06           20       19.458   0.00360284    -0.276282      1.5e+30       206000 -0.000995399 
       1e+06           25       19.458   0.00333868      -0.2811      1.5e+30       206000 -0.000938504 
       1e+06           30       19.458   0.00281096    -0.280496      1.5e+30       206000 -0.000788465 
       1e+06           35       19.458   0.00276336    -0.269867      1.5e+30       206000 -0.000745741 
       1e+06           40       19.458   0.00233043    -0.266529      1.5e+30       206000 -0.000621127 
       1e+06           45       19.458   0.00233754    -0.271174      1.5e+30       206000  -0.00063388 
       1e+06            5       19.458    0.0040936     -0.22365      1.5e+30       206000 -0.000915535 
       1e+06           50       19.458   0.00196941     -0.26537      1.5e+30       206000 -0.000522624 
       1e+06           55       19.458   0.00185813    -0.264744      1.5e+30       206000  -0.00049193 
       1e+06           60       19.458   0.00153962     -0.27417      1.5e+30       206000 -0.000422117 
       1e+06           65       19.458   0.00144851    -0.271318      1.5e+30       206000 -0.000393007 
       1e+06           70       19.458   0.00117541    -0.279761      1.5e+30       206000 -0.000328835 
       1e+06           75       19.458   0.00102251    -0.263458      1.5e+30       206000 -0.000269389 
       1e+06           80       19.458    0.0010468     -0.28102      1.5e+30       206000 -0.000294171 
       1e+06           85       19.458  0.000913539    -0.281942      1.5e+30       206000 -0.000257565 
       1e+06           90       19.458  0.000717569    -0.277616      1.5e+30       206000 -0.000199209 
       1e+06           10         20.7   0.00359899    -0.321698      1.5e+30       206000  -0.00115779 
       1e+06           15         20.7   0.00351462    -0.317922      1.5e+30       206000  -0.00111738 
       1e+06           20         20.7   0.00335439    -0.310798      1.5e+30       206000  -0.00104254 
       1e+06           25         20.7    0.0031344    -0.316253      1.5e+30       206000 -0.000991265 
       1e+06           30         20.7   0.00265833    -0.316758      1.5e+30       206000 -0.000842047 
       1e+06           35         20.7   0.00263223     -0.30462      1.5e+30       206000  -0.00080183 
       1e+06           40         20.7   0.00223159     -0.30137      1.5e+30       206000 -0.000672534 
       1e+06           45         20.7   0.00224854    -0.306544      1.5e+30       206000 -0.000689276 
       1e+06            5         20.7   0.00377894    -0.253456      1.5e+30       206000 -0.000957797 
       1e+06           50         20.7    0.0019019     -0.30059      1.5e+30       206000 -0.000571691 
       1e+06           55         20.7   0.00179381    -0.300145      1.5e+30       206000 -0.000538402 
       1e+06           60         20.7   0.00147928    -0.310798      1.5e+30       206000 -0.000459759 
       1e+06           65         20.7   0.00138265    -0.307644      1.5e+30       206000 -0.000425363 
       1e+06           70         20.7    0.0011157    -0.316729      1.5e+30       206000 -0.000353375 
       1e+06           75         20.7  0.000969513     -0.29976      1.5e+30       206000 -0.000290622 
       1e+06           80         20.7   0.00099691     -0.31809      1.5e+30       206000 -0.000317107 
       1e+06           85         20.7  0.000873802    -0.319455      1.5e+30       206000  -0.00027914 
       1e+06           90         20.7  0.000687866    -0.315433      1.5e+30       206000 -0.000216975 
