       1e+06           10         2.07    0.0149737     0.189393   1.0935e+30       206000   0.00283593 
       1e+06           15         2.07    0.0151583     0.325228   1.0935e+30       206000    0.0049299 
       1e+06           20         2.07    0.0155251     0.357612   1.0935e+30       206000   0.00555197 
       1e+06           25         2.07    0.0160669     0.379157   1.0935e+30       206000   0.00609187 
       1e+06           30         2.07    0.0148988     0.385375   1.0935e+30       206000   0.00574163 
       1e+06           35         2.07    0.0157656     0.395146   1.0935e+30       206000   0.00622971 
       1e+06           40         2.07    0.0136158     0.397395   1.0935e+30       206000   0.00541086 
       1e+06           45         2.07    0.0137626     0.399877   1.0935e+30       206000   0.00550333 
       1e+06            5         2.07    0.0157224    0.0693657   1.0935e+30       206000    0.0010906 
       1e+06           50         2.07    0.0116964     0.402493   1.0935e+30       206000   0.00470773 
       1e+06           55         2.07    0.0112412     0.404025   1.0935e+30       206000   0.00454173 
       1e+06           60         2.07   0.00955842     0.404534   1.0935e+30       206000    0.0038667 
       1e+06           65         2.07   0.00927894     0.405983   1.0935e+30       206000   0.00376709 
       1e+06           70         2.07    0.0077469     0.405318   1.0935e+30       206000   0.00313996 
       1e+06           75         2.07   0.00694747      0.40745   1.0935e+30       206000   0.00283074 
       1e+06           80         2.07   0.00741267     0.405931   1.0935e+30       206000   0.00300903 
       1e+06           85         2.07   0.00668391     0.407041   1.0935e+30       206000   0.00272062 
       1e+06           90         2.07    0.0054146     0.407156   1.0935e+30       206000   0.00220459 
       1e+06           10        2.484    0.0196351     0.157555   1.0935e+30       206000   0.00309361 
       1e+06           15        2.484    0.0197668     0.270394   1.0935e+30       206000   0.00534482 
       1e+06           20        2.484    0.0200265     0.297373   1.0935e+30       206000   0.00595536 
       1e+06           25        2.484    0.0204059     0.315383   1.0935e+30       206000    0.0064357 
       1e+06           30        2.484    0.0186683     0.320551   1.0935e+30       206000   0.00598414 
       1e+06           35        2.484    0.0195198     0.328722   1.0935e+30       206000    0.0064166 
       1e+06           40        2.484    0.0167412     0.330584   1.0935e+30       206000   0.00553437 
       1e+06           45        2.484    0.0168322      0.33265   1.0935e+30       206000   0.00559924 
       1e+06            5        2.484    0.0206169    0.0577048   1.0935e+30       206000   0.00118969 
       1e+06           50        2.484    0.0142301     0.334828   1.0935e+30       206000   0.00476465 
       1e+06           55        2.484    0.0135976     0.336103   1.0935e+30       206000   0.00457019 
       1e+06           60        2.484    0.0114993     0.336531   1.0935e+30       206000   0.00386988 
       1e+06           65        2.484    0.0110954     0.337733   1.0935e+30       206000   0.00374728 
       1e+06           70        2.484    0.0092123      0.33718   1.0935e+30       206000    0.0031062 
       1e+06           75        2.484   0.00821061     0.338954   1.0935e+30       206000   0.00278302 
       1e+06           80        2.484   0.00868464     0.337687   1.0935e+30       206000   0.00293269 
       1e+06           85        2.484   0.00777685     0.338614   1.0935e+30       206000   0.00263335 
       1e+06           90        2.484   0.00627076     0.338714   1.0935e+30       206000   0.00212399 
       1e+06           10        8.694    0.0202111   -0.0696695   1.0935e+30       206000   -0.0014081 
       1e+06           15        8.694    0.0201638    -0.119451   1.0935e+30       206000  -0.00240858 
       1e+06           20        8.694    0.0200714    -0.131409   1.0935e+30       206000  -0.00263757 
       1e+06           25        8.694    0.0199389    -0.139435   1.0935e+30       206000  -0.00278019 
       1e+06           30        8.694    0.0178416    -0.141716   1.0935e+30       206000  -0.00252844 
       1e+06           35        8.694    0.0183957    -0.145367   1.0935e+30       206000  -0.00267413 
       1e+06           40        8.694    0.0157851    -0.146184   1.0935e+30       206000  -0.00230753 
       1e+06           45        8.694    0.0159511    -0.147097   1.0935e+30       206000  -0.00234635 
       1e+06            5        8.694    0.0212217   -0.0255166   1.0935e+30       206000 -0.000541505 
       1e+06           50        8.694    0.0135605    -0.148061   1.0935e+30       206000  -0.00200778 
       1e+06           55        8.694    0.0130992    -0.148626   1.0935e+30       206000  -0.00194689 
       1e+06           60        8.694     0.011241    -0.148808   1.0935e+30       206000  -0.00167276 
       1e+06           65        8.694    0.0110388    -0.149345   1.0935e+30       206000  -0.00164859 
       1e+06           70        8.694   0.00930543      -0.1491   1.0935e+30       206000  -0.00138744 
       1e+06           75        8.694   0.00834735     -0.14988   1.0935e+30       206000   -0.0012511 
       1e+06           80        8.694   0.00880554    -0.149321   1.0935e+30       206000  -0.00131485 
       1e+06           85        8.694   0.00785481    -0.149732   1.0935e+30       206000  -0.00117612 
       1e+06           90        8.694   0.00628876    -0.149769   1.0935e+30       206000 -0.000941863 
       1e+06           10        4.554    0.0225278   -0.0190327   1.0935e+30       206000 -0.000428764 
       1e+06           15        4.554    0.0230282   -0.0327167   1.0935e+30       206000 -0.000753406 
       1e+06           20        4.554    0.0240348   -0.0359632   1.0935e+30       206000 -0.000864369 
       1e+06           25        4.554    0.0255509   -0.0381099   1.0935e+30       206000 -0.000973742 
       1e+06           30        4.554    0.0242529   -0.0387358   1.0935e+30       206000 -0.000939453 
       1e+06           35        4.554    0.0262623   -0.0397098   1.0935e+30       206000  -0.00104287 
       1e+06           40        4.554    0.0230741   -0.0399378   1.0935e+30       206000 -0.000921529 
       1e+06           45        4.554    0.0236785   -0.0401866   1.0935e+30       206000 -0.000951559 
       1e+06            5        4.554    0.0236542  -0.00697075   1.0935e+30       206000 -0.000164887 
       1e+06           50        4.554    0.0203937   -0.0404473   1.0935e+30       206000 -0.000824869 
       1e+06           55        4.554    0.0196086   -0.0405997   1.0935e+30       206000 -0.000796104 
       1e+06           60        4.554    0.0164618   -0.0406536   1.0935e+30       206000 -0.000669233 
       1e+06           65        4.554    0.0156949   -0.0407978   1.0935e+30       206000 -0.000640316 
       1e+06           70        4.554    0.0128958    -0.040731   1.0935e+30       206000  -0.00052526 
       1e+06           75        4.554    0.0114259   -0.0409461   1.0935e+30       206000 -0.000467845 
       1e+06           80        4.554    0.0120637   -0.0407926   1.0935e+30       206000  -0.00049211 
       1e+06           85        4.554    0.0107974   -0.0409046   1.0935e+30       206000 -0.000441662 
       1e+06           90        4.554   0.00867117   -0.0409149   1.0935e+30       206000  -0.00035478 
       1e+06           10         6.21    0.0221799   -0.0770078   1.0935e+30       206000  -0.00170803 
       1e+06           15         6.21    0.0224539    -0.132239   1.0935e+30       206000  -0.00296928 
       1e+06           20         6.21    0.0229985    -0.145406   1.0935e+30       206000  -0.00334413 
       1e+06           25         6.21    0.0238029    -0.154166   1.0935e+30       206000  -0.00366961 
       1e+06           30         6.21     0.022074    -0.156694   1.0935e+30       206000  -0.00345887 
       1e+06           35         6.21    0.0232296    -0.160659   1.0935e+30       206000  -0.00373205 
       1e+06           40         6.21    0.0198266    -0.161573   1.0935e+30       206000  -0.00320344 
       1e+06           45         6.21    0.0197696    -0.162585   1.0935e+30       206000  -0.00321423 
       1e+06            5         6.21    0.0232889   -0.0282043   1.0935e+30       206000 -0.000656847 
       1e+06           50         6.21    0.0166068    -0.163657   1.0935e+30       206000  -0.00271781 
       1e+06           55         6.21    0.0160072    -0.164287   1.0935e+30       206000  -0.00262978 
       1e+06           60         6.21    0.0138487     -0.16448   1.0935e+30       206000  -0.00227783 
       1e+06           65         6.21    0.0137633    -0.165077   1.0935e+30       206000  -0.00227201 
       1e+06           70         6.21    0.0117239    -0.164806   1.0935e+30       206000  -0.00193217 
       1e+06           75         6.21    0.0105874    -0.165666   1.0935e+30       206000  -0.00175397 
       1e+06           80         6.21    0.0112116     -0.16505   1.0935e+30       206000  -0.00185048 
       1e+06           85         6.21    0.0100238    -0.165503   1.0935e+30       206000  -0.00165897 
       1e+06           90         6.21   0.00803852    -0.165544   1.0935e+30       206000  -0.00133073 
       1e+06           10         8.28    0.0207115   -0.0680117   1.0935e+30       206000  -0.00140862 
       1e+06           15         8.28    0.0207032    -0.116633   1.0935e+30       206000  -0.00241467 
       1e+06           20         8.28    0.0206869    -0.128301   1.0935e+30       206000  -0.00265414 
       1e+06           25         8.28    0.0206635    -0.136123   1.0935e+30       206000  -0.00281277 
       1e+06           30         8.28    0.0185788     -0.13835   1.0935e+30       206000  -0.00257038 
       1e+06           35         8.28    0.0192233    -0.141907   1.0935e+30       206000  -0.00272793 
       1e+06           40         8.28    0.0165104    -0.142706   1.0935e+30       206000  -0.00235613 
       1e+06           45         8.28    0.0166853    -0.143597   1.0935e+30       206000  -0.00239596 
       1e+06            5         8.28    0.0217471   -0.0249094   1.0935e+30       206000 -0.000541707 
       1e+06           50         8.28    0.0141873    -0.144538   1.0935e+30       206000  -0.00205061 
       1e+06           55         8.28    0.0137192    -0.145091   1.0935e+30       206000  -0.00199053 
       1e+06           60         8.28    0.0117941    -0.145267   1.0935e+30       206000  -0.00171329 
       1e+06           65         8.28    0.0116077    -0.145792   1.0935e+30       206000   -0.0016923 
       1e+06           70         8.28   0.00980344    -0.145552   1.0935e+30       206000  -0.00142691 
       1e+06           75         8.28   0.00879866    -0.146314   1.0935e+30       206000  -0.00128736 
       1e+06           80         8.28   0.00927195    -0.145768   1.0935e+30       206000  -0.00135155 
       1e+06           85         8.28   0.00826186    -0.146169   1.0935e+30       206000  -0.00120763 
       1e+06           90         8.28   0.00660702    -0.146205   1.0935e+30       206000  -0.00096598 
       1e+06           10        7.659    0.0210996   -0.0653591   1.0935e+30       206000  -0.00137905 
       1e+06           15        7.659    0.0211986    -0.112145   1.0935e+30       206000   -0.0023773 
       1e+06           20        7.659    0.0213935    -0.123342   1.0935e+30       206000  -0.00263872 
       1e+06           25        7.659     0.021677    -0.130826   1.0935e+30       206000  -0.00283593 
       1e+06           30        7.659    0.0197346    -0.132969   1.0935e+30       206000   -0.0026241 
       1e+06           35        7.659    0.0206062    -0.136369   1.0935e+30       206000  -0.00281004 
       1e+06           40        7.659    0.0177388     -0.13714   1.0935e+30       206000  -0.00243269 
       1e+06           45        7.659    0.0179291    -0.137996   1.0935e+30       206000  -0.00247414 
       1e+06            5        7.659    0.0221545   -0.0239379   1.0935e+30       206000 -0.000530333 
       1e+06           50        7.659    0.0152488    -0.138901   1.0935e+30       206000  -0.00211807 
       1e+06           55        7.659    0.0147653    -0.139432   1.0935e+30       206000  -0.00205876 
       1e+06           60        7.659    0.0127215    -0.139601   1.0935e+30       206000  -0.00177593 
       1e+06           65        7.659     0.012555    -0.140106   1.0935e+30       206000  -0.00175902 
       1e+06           70        7.659    0.0106281    -0.139876   1.0935e+30       206000  -0.00148662 
       1e+06           75        7.659   0.00954266    -0.140606   1.0935e+30       206000  -0.00134176 
       1e+06           80        7.659     0.010037    -0.140082   1.0935e+30       206000    -0.001406 
       1e+06           85        7.659    0.0089269    -0.140468   1.0935e+30       206000  -0.00125394 
       1e+06           90        7.659   0.00712537    -0.140502   1.0935e+30       206000  -0.00100113 
       1e+06           10        3.726    0.0224473    0.0498163   1.0935e+30       206000   0.00111824 
       1e+06           15        3.726    0.0230103    0.0856583   1.0935e+30       206000   0.00197102 
       1e+06           20        3.726     0.024147    0.0941499   1.0935e+30       206000   0.00227343 
       1e+06           25        3.726    0.0258684    0.0997549   1.0935e+30       206000    0.0025805 
       1e+06           30        3.726    0.0247187     0.101394   1.0935e+30       206000   0.00250632 
       1e+06           35        3.726     0.026526     0.103922   1.0935e+30       206000   0.00275664 
       1e+06           40        3.726     0.022663      0.10452   1.0935e+30       206000   0.00236873 
       1e+06           45        3.726    0.0224896     0.105174   1.0935e+30       206000   0.00236532 
       1e+06            5        3.726    0.0235697    0.0182453   1.0935e+30       206000  0.000430036 
       1e+06           50        3.726    0.0187811     0.105867   1.0935e+30       206000   0.00198829 
       1e+06           55        3.726     0.017823     0.106272   1.0935e+30       206000   0.00189408 
       1e+06           60        3.726    0.0150676     0.106405   1.0935e+30       206000   0.00160327 
       1e+06           65        3.726    0.0145581     0.106786   1.0935e+30       206000    0.0015546 
       1e+06           70        3.726    0.0120975     0.106611   1.0935e+30       206000   0.00128972 
       1e+06           75        3.726     0.010737     0.107171   1.0935e+30       206000   0.00115069 
       1e+06           80        3.726    0.0112251     0.106769   1.0935e+30       206000   0.00119849 
       1e+06           85        3.726   0.00995046     0.107064   1.0935e+30       206000   0.00106533 
       1e+06           90        3.726   0.00794908     0.107094   1.0935e+30       206000  0.000851302 
       1e+06           10        3.105    0.0188602    0.0899409   1.0935e+30       206000    0.0016963 
       1e+06           15        3.105    0.0194411     0.154743   1.0935e+30       206000   0.00300836 
       1e+06           20        3.105    0.0206219     0.170053   1.0935e+30       206000   0.00350683 
       1e+06           25        3.105    0.0224304     0.180123   1.0935e+30       206000   0.00404022 
       1e+06           30        3.105    0.0217175     0.183084   1.0935e+30       206000   0.00397614 
       1e+06           35        3.105    0.0236043     0.187627   1.0935e+30       206000   0.00442882 
       1e+06           40        3.105    0.0203558     0.188711   1.0935e+30       206000   0.00384136 
       1e+06           45        3.105    0.0203654     0.189892   1.0935e+30       206000   0.00386722 
       1e+06            5        3.105    0.0198032     0.032941   1.0935e+30       206000  0.000652338 
       1e+06           50        3.105    0.0171431     0.191139   1.0935e+30       206000    0.0032767 
       1e+06           55        3.105     0.016388     0.191869   1.0935e+30       206000   0.00314435 
       1e+06           60        3.105    0.0139316     0.192108   1.0935e+30       206000   0.00267638 
       1e+06           65        3.105    0.0135393     0.192797   1.0935e+30       206000   0.00261033 
       1e+06           70        3.105    0.0113074     0.192481   1.0935e+30       206000   0.00217646 
       1e+06           75        3.105    0.0100557     0.193491   1.0935e+30       206000   0.00194569 
       1e+06           80        3.105    0.0104997     0.192766   1.0935e+30       206000   0.00202398 
       1e+06           85        3.105   0.00929259     0.193298   1.0935e+30       206000   0.00179624 
       1e+06           90        3.105   0.00741659     0.193355   1.0935e+30       206000   0.00143403 
       1e+06           10        5.796     0.022535   -0.0716207   1.0935e+30       206000  -0.00161397 
       1e+06           15        5.796    0.0228523     -0.12301   1.0935e+30       206000  -0.00281107 
       1e+06           20        5.796    0.0234843    -0.135251   1.0935e+30       206000  -0.00317629 
       1e+06           25        5.796    0.0244211    -0.143386   1.0935e+30       206000  -0.00350165 
       1e+06           30        5.796    0.0227406    -0.145738   1.0935e+30       206000  -0.00331418 
       1e+06           35        5.796    0.0240921    -0.149424   1.0935e+30       206000  -0.00359994 
       1e+06           40        5.796    0.0207412    -0.150276   1.0935e+30       206000  -0.00311691 
       1e+06           45        5.796    0.0208713    -0.151215   1.0935e+30       206000  -0.00315605 
       1e+06            5        5.796    0.0236617   -0.0262312   1.0935e+30       206000 -0.000620676 
       1e+06           50        5.796    0.0176754    -0.152208   1.0935e+30       206000  -0.00269034 
       1e+06           55        5.796    0.0170522     -0.15279   1.0935e+30       206000  -0.00260542 
       1e+06           60        5.796    0.0146553    -0.152975   1.0935e+30       206000   -0.0022419 
       1e+06           65        5.796     0.014427    -0.153528   1.0935e+30       206000  -0.00221495 
       1e+06           70        5.796    0.0121891    -0.153276   1.0935e+30       206000   -0.0018683 
       1e+06           75        5.796    0.0109678    -0.154078   1.0935e+30       206000  -0.00168989 
       1e+06           80        5.796    0.0116267    -0.153504   1.0935e+30       206000  -0.00178476 
       1e+06           85        5.796     0.010413    -0.153926   1.0935e+30       206000  -0.00160283 
       1e+06           90        5.796   0.00835676    -0.153962   1.0935e+30       206000  -0.00128662 
       1e+06           10        6.831    0.0216822   -0.0706218   1.0935e+30       206000  -0.00153124 
       1e+06           15        6.831    0.0219002    -0.121243   1.0935e+30       206000  -0.00265524 
       1e+06           20        6.831     0.022332    -0.133326   1.0935e+30       206000  -0.00297744 
       1e+06           25        6.831     0.022967    -0.141375   1.0935e+30       206000  -0.00324697 
       1e+06           30        6.831    0.0211815    -0.143693   1.0935e+30       206000  -0.00304364 
       1e+06           35        6.831    0.0220885    -0.147331   1.0935e+30       206000  -0.00325432 
       1e+06           40        6.831    0.0186294    -0.148167   1.0935e+30       206000  -0.00276027 
       1e+06           45        6.831    0.0183432    -0.149096   1.0935e+30       206000  -0.00273491 
       1e+06            5        6.831    0.0227663   -0.0258654   1.0935e+30       206000  -0.00058886 
       1e+06           50        6.831    0.0152359    -0.150086   1.0935e+30       206000  -0.00228671 
       1e+06           55        6.831     0.014668    -0.150669   1.0935e+30       206000  -0.00221001 
       1e+06           60        6.831     0.012807    -0.150838   1.0935e+30       206000  -0.00193178 
       1e+06           65        6.831    0.0128967    -0.151389   1.0935e+30       206000  -0.00195243 
       1e+06           70        6.831    0.0111104     -0.15114   1.0935e+30       206000  -0.00167922 
       1e+06           75        6.831    0.0100834    -0.151926   1.0935e+30       206000  -0.00153194 
       1e+06           80        6.831    0.0106623    -0.151362   1.0935e+30       206000  -0.00161387 
       1e+06           85        6.831    0.0095098    -0.151778   1.0935e+30       206000  -0.00144338 
       1e+06           90        6.831    0.0076107    -0.151816   1.0935e+30       206000  -0.00115543 
       1e+06           10        5.175    0.0223354   -0.0545466   1.0935e+30       206000  -0.00121832 
       1e+06           15        5.175    0.0227845   -0.0937438   1.0935e+30       206000  -0.00213591 
       1e+06           20        5.175    0.0236858    -0.103053   1.0935e+30       206000  -0.00244089 
       1e+06           25        5.175    0.0250375    -0.109216   1.0935e+30       206000  -0.00273451 
       1e+06           30        5.175     0.023649    -0.111009   1.0935e+30       206000  -0.00262526 
       1e+06           35        5.175    0.0254356    -0.113804   1.0935e+30       206000  -0.00289466 
       1e+06           40        5.175    0.0221777    -0.114456   1.0935e+30       206000  -0.00253837 
       1e+06           45        5.175    0.0225814     -0.11517   1.0935e+30       206000  -0.00260069 
       1e+06            5        5.175    0.0234521   -0.0199778   1.0935e+30       206000 -0.000468522 
       1e+06           50        5.175    0.0193197    -0.115921   1.0935e+30       206000  -0.00223956 
       1e+06           55        5.175    0.0186105     -0.11636   1.0935e+30       206000  -0.00216552 
       1e+06           60        5.175    0.0157851    -0.116509   1.0935e+30       206000   -0.0018391 
       1e+06           65        5.175    0.0152606    -0.116926   1.0935e+30       206000  -0.00178435 
       1e+06           70        5.175    0.0126918    -0.116734   1.0935e+30       206000  -0.00148156 
       1e+06           75        5.175    0.0113157    -0.117348   1.0935e+30       206000  -0.00132788 
       1e+06           80        5.175    0.0119547    -0.116909   1.0935e+30       206000  -0.00139761 
       1e+06           85        5.175    0.0106922     -0.11723   1.0935e+30       206000  -0.00125345 
       1e+06           90        5.175   0.00858065     -0.11726   1.0935e+30       206000  -0.00100616 
       1e+06           10        10.35    0.0184709   -0.0517715   1.0935e+30       206000 -0.000956268 
       1e+06           15        10.35    0.0183557   -0.0887267   1.0935e+30       206000  -0.00162864 
       1e+06           20        10.35     0.018132   -0.0976226   1.0935e+30       206000  -0.00177009 
       1e+06           25        10.35    0.0178137    -0.103607   1.0935e+30       206000  -0.00184562 
       1e+06           30        10.35    0.0157863      -0.1053   1.0935e+30       206000   -0.0016623 
       1e+06           35        10.35    0.0161788    -0.108026   1.0935e+30       206000  -0.00174773 
       1e+06           40        10.35      0.01389    -0.108631   1.0935e+30       206000  -0.00150888 
       1e+06           45        10.35    0.0140718    -0.109309   1.0935e+30       206000  -0.00153817 
       1e+06            5        10.35    0.0193945   -0.0189614   1.0935e+30       206000 -0.000367747 
       1e+06           50        10.35    0.0119808    -0.110023   1.0935e+30       206000  -0.00131816 
       1e+06           55        10.35    0.0114926     -0.11044   1.0935e+30       206000  -0.00126924 
       1e+06           60        10.35   0.00971939    -0.110582   1.0935e+30       206000  -0.00107479 
       1e+06           65        10.35   0.00936859    -0.110977   1.0935e+30       206000   -0.0010397 
       1e+06           70        10.35    0.0077718    -0.110795   1.0935e+30       206000 -0.000861076 
       1e+06           75        10.35   0.00692359    -0.111378   1.0935e+30       206000 -0.000771137 
       1e+06           80        10.35   0.00732291    -0.110962   1.0935e+30       206000 -0.000812562 
       1e+06           85        10.35   0.00655773    -0.111266   1.0935e+30       206000 -0.000729653 
       1e+06           90        10.35   0.00525608    -0.111291   1.0935e+30       206000 -0.000584955 
       1e+06           10        9.729    0.0190372   -0.0612175   1.0935e+30       206000  -0.00116541 
       1e+06           15        9.729    0.0189143    -0.104913   1.0935e+30       206000  -0.00198435 
       1e+06           20        9.729    0.0186757    -0.115433   1.0935e+30       206000  -0.00215578 
       1e+06           25        9.729    0.0183364     -0.12251   1.0935e+30       206000  -0.00224639 
       1e+06           30        9.729    0.0162406    -0.124512   1.0935e+30       206000  -0.00202216 
       1e+06           35        9.729    0.0166193    -0.127735   1.0935e+30       206000  -0.00212286 
       1e+06           40        9.729    0.0142328     -0.12845   1.0935e+30       206000  -0.00182819 
       1e+06           45        9.729    0.0143797    -0.129252   1.0935e+30       206000   -0.0018586 
       1e+06            5        9.729     0.019989    -0.022421   1.0935e+30       206000 -0.000448175 
       1e+06           50        9.729    0.0122195    -0.130098   1.0935e+30       206000  -0.00158973 
       1e+06           55        9.729    0.0117751    -0.130595   1.0935e+30       206000  -0.00153776 
       1e+06           60        9.729    0.0100633    -0.130756   1.0935e+30       206000  -0.00131584 
       1e+06           65        9.729   0.00983188    -0.131226   1.0935e+30       206000   -0.0012902 
       1e+06           70        9.729   0.00825203    -0.131011   1.0935e+30       206000  -0.00108111 
       1e+06           75        9.729   0.00739351    -0.131698   1.0935e+30       206000 -0.000973712 
       1e+06           80        9.729   0.00781812    -0.131207   1.0935e+30       206000  -0.00102579 
       1e+06           85        9.729   0.00699153    -0.131567   1.0935e+30       206000 -0.000919856 
       1e+06           90        9.729   0.00560158    -0.131598   1.0935e+30       206000 -0.000737155 
       1e+06           10        9.315    0.0194454   -0.0678251   1.0935e+30       206000  -0.00131889 
       1e+06           15        9.315    0.0193542    -0.116259   1.0935e+30       206000   -0.0022501 
       1e+06           20        9.315    0.0191768    -0.127908   1.0935e+30       206000  -0.00245288 
       1e+06           25        9.315    0.0189237    -0.135738   1.0935e+30       206000  -0.00256866 
       1e+06           30        9.315    0.0168348    -0.137957   1.0935e+30       206000  -0.00232249 
       1e+06           35        9.315    0.0172834     -0.14152   1.0935e+30       206000  -0.00244595 
       1e+06           40        9.315    0.0148139    -0.142314   1.0935e+30       206000  -0.00210823 
       1e+06           45        9.315    0.0149679    -0.143203   1.0935e+30       206000  -0.00214345 
       1e+06            5        9.315    0.0204177   -0.0248411   1.0935e+30       206000 -0.000507197 
       1e+06           50        9.315    0.0127214    -0.144141   1.0935e+30       206000  -0.00183368 
       1e+06           55        9.315    0.0122703    -0.144691   1.0935e+30       206000   -0.0017754 
       1e+06           60        9.315    0.0105032    -0.144869   1.0935e+30       206000  -0.00152159 
       1e+06           65        9.315     0.010282    -0.145391   1.0935e+30       206000   -0.0014949 
       1e+06           70        9.315   0.00864433    -0.145152   1.0935e+30       206000  -0.00125474 
       1e+06           75        9.315    0.0077486    -0.145913   1.0935e+30       206000  -0.00113062 
       1e+06           80        9.315   0.00818599    -0.145369   1.0935e+30       206000  -0.00118999 
       1e+06           85        9.315   0.00731341    -0.145768   1.0935e+30       206000  -0.00106606 
       1e+06           90        9.315   0.00585785    -0.145803   1.0935e+30       206000 -0.000854092 
       1e+06           10         4.14    0.0225266    0.0192515   1.0935e+30       206000   0.00043367 
       1e+06           15         4.14    0.0230769    0.0331003   1.0935e+30       206000  0.000763852 
       1e+06           20         4.14    0.0241869    0.0363824   1.0935e+30       206000  0.000879976 
       1e+06           25         4.14    0.0258658    0.0385497   1.0935e+30       206000   0.00099712 
       1e+06           30         4.14    0.0246787    0.0391829   1.0935e+30       206000  0.000966986 
       1e+06           35         4.14    0.0266113    0.0401629   1.0935e+30       206000   0.00106879 
       1e+06           40         4.14    0.0230159    0.0403938   1.0935e+30       206000  0.000929701 
       1e+06           45         4.14    0.0231715    0.0406462   1.0935e+30       206000  0.000941832 
       1e+06            5         4.14    0.0236529   0.00705088   1.0935e+30       206000  0.000166774 
       1e+06           50         4.14    0.0196146    0.0409123   1.0935e+30       206000  0.000802478 
       1e+06           55         4.14    0.0187661    0.0410681   1.0935e+30       206000  0.000770689 
       1e+06           60         4.14    0.0158867    0.0411203   1.0935e+30       206000  0.000653264 
       1e+06           65         4.14    0.0153456    0.0412672   1.0935e+30       206000  0.000633272 
       1e+06           70         4.14     0.012748    0.0411996   1.0935e+30       206000  0.000525213 
       1e+06           75         4.14    0.0113003     0.041416   1.0935e+30       206000  0.000468013 
       1e+06           80         4.14    0.0117815    0.0412606   1.0935e+30       206000   0.00048611 
       1e+06           85         4.14    0.0104191    0.0413746   1.0935e+30       206000  0.000431088 
       1e+06           90         4.14   0.00830642    0.0413865   1.0935e+30       206000  0.000343774 
