     1.1e+06           10         2.07    0.0157379     0.204897   1.0935e+30       206000   0.00322465 
     1.1e+06           15         2.07    0.0144693     0.323958   1.0935e+30       206000   0.00468744 
     1.1e+06           20         2.07    0.0164036     0.356084   1.0935e+30       206000   0.00584104 
     1.1e+06           25         2.07    0.0153963      0.38073   1.0935e+30       206000   0.00586183 
     1.1e+06           30         2.07    0.0158544     0.387701   1.0935e+30       206000   0.00614676 
     1.1e+06           35         2.07    0.0142318     0.393956   1.0935e+30       206000   0.00560669 
     1.1e+06           40         2.07     0.013661     0.397185   1.0935e+30       206000   0.00542593 
     1.1e+06           45         2.07    0.0122438     0.401661   1.0935e+30       206000   0.00491787 
     1.1e+06            5         2.07    0.0157224    0.0567177   1.0935e+30       206000   0.00089174 
     1.1e+06           50         2.07    0.0109898     0.402762   1.0935e+30       206000   0.00442627 
     1.1e+06           55         2.07   0.00995263     0.403691   1.0935e+30       206000   0.00401779 
     1.1e+06           60         2.07   0.00900784     0.405579   1.0935e+30       206000   0.00365339 
     1.1e+06           65         2.07   0.00809903     0.406667   1.0935e+30       206000   0.00329361 
     1.1e+06           70         2.07   0.00850742     0.405085   1.0935e+30       206000   0.00344623 
     1.1e+06           75         2.07   0.00715885     0.405668   1.0935e+30       206000   0.00290412 
     1.1e+06           80         2.07    0.0052576      0.40537   1.0935e+30       206000   0.00213127 
     1.1e+06           85         2.07    0.0051736     0.405836   1.0935e+30       206000   0.00209963 
     1.1e+06           90         2.07   0.00515772     0.406292   1.0935e+30       206000   0.00209554 
     1.1e+06           10        2.484    0.0206279     0.170382   1.0935e+30       206000   0.00351463 
     1.1e+06           15        2.484    0.0188683     0.269334   1.0935e+30       206000   0.00508187 
     1.1e+06           20        2.484    0.0210998     0.296058   1.0935e+30       206000   0.00624678 
     1.1e+06           25        2.484    0.0195198     0.316672   1.0935e+30       206000   0.00618137 
     1.1e+06           30        2.484    0.0198134     0.322494   1.0935e+30       206000   0.00638972 
     1.1e+06           35        2.484    0.0175901     0.327721   1.0935e+30       206000   0.00576465 
     1.1e+06           40        2.484    0.0167828     0.330415   1.0935e+30       206000   0.00554528 
     1.1e+06           45        2.484    0.0149521      0.33414   1.0935e+30       206000    0.0049961 
     1.1e+06            5        2.484    0.0206169    0.0471831   1.0935e+30       206000  0.000972768 
     1.1e+06           50        2.484    0.0133425     0.335052   1.0935e+30       206000   0.00447042 
     1.1e+06           55        2.484    0.0120166     0.335828   1.0935e+30       206000   0.00403553 
     1.1e+06           60        2.484    0.0108085     0.337397   1.0935e+30       206000   0.00364677 
     1.1e+06           65        2.484   0.00965343     0.338301   1.0935e+30       206000   0.00326577 
     1.1e+06           70        2.484    0.0100787     0.336989   1.0935e+30       206000    0.0033964 
     1.1e+06           75        2.484   0.00842847     0.337474   1.0935e+30       206000   0.00284439 
     1.1e+06           80        2.484    0.0061356     0.337228   1.0935e+30       206000   0.00206909 
     1.1e+06           85        2.484    0.0059969     0.337615   1.0935e+30       206000   0.00202464 
     1.1e+06           90        2.484     0.005957     0.337992   1.0935e+30       206000   0.00201342 
     1.1e+06           10        8.694    0.0212177   -0.0752904   1.0935e+30       206000  -0.00159749 
     1.1e+06           15        8.694    0.0192473    -0.118979   1.0935e+30       206000  -0.00229003 
     1.1e+06           20        8.694    0.0210496    -0.130795   1.0935e+30       206000   -0.0027532 
     1.1e+06           25        8.694    0.0190184     -0.13999   1.0935e+30       206000  -0.00266239 
     1.1e+06           30        8.694     0.018866    -0.142586   1.0935e+30       206000  -0.00269001 
     1.1e+06           35        8.694    0.0165512     -0.14492   1.0935e+30       206000   -0.0023986 
     1.1e+06           40        8.694    0.0158368    -0.146107   1.0935e+30       206000  -0.00231387 
     1.1e+06           45        8.694    0.0141898    -0.147754   1.0935e+30       206000  -0.00209659 
     1.1e+06            5        8.694    0.0212217    -0.020864   1.0935e+30       206000 -0.000442769 
     1.1e+06           50        8.694    0.0127557    -0.148161   1.0935e+30       206000  -0.00188989 
     1.1e+06           55        8.694     0.011628      -0.1485   1.0935e+30       206000  -0.00172676 
     1.1e+06           60        8.694    0.0106463    -0.149196   1.0935e+30       206000  -0.00158839 
     1.1e+06           65        8.694   0.00969021    -0.149596   1.0935e+30       206000  -0.00144962 
     1.1e+06           70        8.694    0.0102298    -0.149009   1.0935e+30       206000  -0.00152434 
     1.1e+06           75        8.694   0.00856915    -0.149229   1.0935e+30       206000  -0.00127876 
     1.1e+06           80        8.694   0.00620737     -0.14912   1.0935e+30       206000 -0.000925644 
     1.1e+06           85        8.694   0.00604425    -0.149291   1.0935e+30       206000 -0.000902355 
     1.1e+06           90        8.694   0.00585631    -0.149465   1.0935e+30       206000 -0.000875314 
     1.1e+06           10        4.554    0.0236958   -0.0206056   1.0935e+30       206000 -0.000488266 
     1.1e+06           15        4.554    0.0219814   -0.0325899   1.0935e+30       206000 -0.000716372 
     1.1e+06           20        4.554    0.0255198   -0.0358184   1.0935e+30       206000  -0.00091408 
     1.1e+06           25        4.554    0.0245594   -0.0382724   1.0935e+30       206000 -0.000939947 
     1.1e+06           30        4.554    0.0259332   -0.0389685   1.0935e+30       206000  -0.00101058 
     1.1e+06           35        4.554    0.0237916   -0.0395927   1.0935e+30       206000 -0.000941974 
     1.1e+06           40        4.554    0.0232059   -0.0399143   1.0935e+30       206000 -0.000926248 
     1.1e+06           45        4.554    0.0211568   -0.0403639   1.0935e+30       206000 -0.000853971 
     1.1e+06            5        4.554    0.0236542  -0.00569972   1.0935e+30       206000 -0.000134822 
     1.1e+06           50        4.554    0.0192051   -0.0404738   1.0935e+30       206000 -0.000777304 
     1.1e+06           55        4.554     0.017312   -0.0405682   1.0935e+30       206000 -0.000702318 
     1.1e+06           60        4.554    0.0153934   -0.0407572   1.0935e+30       206000  -0.00062739 
     1.1e+06           65        4.554     0.013572   -0.0408664   1.0935e+30       206000 -0.000554636 
     1.1e+06           70        4.554     0.014051    -0.040709   1.0935e+30       206000 -0.000572004 
     1.1e+06           75        4.554     0.011712    -0.040767   1.0935e+30       206000 -0.000477462 
     1.1e+06           80        4.554   0.00852047   -0.0407372   1.0935e+30       206000   -0.0003471 
     1.1e+06           85        4.554   0.00832382    -0.040784   1.0935e+30       206000 -0.000339479 
     1.1e+06           90        4.554   0.00811248   -0.0408312   1.0935e+30       206000 -0.000331243 
     1.1e+06           10         6.21    0.0233119   -0.0833119   1.0935e+30       206000  -0.00194216 
     1.1e+06           15         6.21    0.0214333    -0.131723   1.0935e+30       206000  -0.00282325 
     1.1e+06           20         6.21    0.0243002    -0.144785   1.0935e+30       206000   -0.0035183 
     1.1e+06           25         6.21    0.0228096    -0.154806   1.0935e+30       206000  -0.00353107 
     1.1e+06           30         6.21    0.0234762    -0.157636   1.0935e+30       206000  -0.00370068 
     1.1e+06           35         6.21    0.0209426    -0.160172   1.0935e+30       206000  -0.00335442 
     1.1e+06           40         6.21    0.0198498    -0.161496   1.0935e+30       206000  -0.00320567 
     1.1e+06           45         6.21    0.0175198    -0.163317   1.0935e+30       206000  -0.00286129 
     1.1e+06            5         6.21    0.0232889   -0.0230616   1.0935e+30       206000 -0.000537079 
     1.1e+06           50         6.21    0.0155832    -0.163769   1.0935e+30       206000  -0.00255204 
     1.1e+06           55         6.21    0.0142322    -0.164141   1.0935e+30       206000  -0.00233609 
     1.1e+06           60         6.21    0.0131839    -0.164913   1.0935e+30       206000   -0.0021742 
     1.1e+06           65         6.21    0.0121561    -0.165355   1.0935e+30       206000  -0.00201007 
     1.1e+06           70         6.21    0.0129466    -0.164702   1.0935e+30       206000  -0.00213233 
     1.1e+06           75         6.21    0.0108932    -0.164947   1.0935e+30       206000  -0.00179679 
     1.1e+06           80         6.21   0.00791375    -0.164826   1.0935e+30       206000  -0.00130439 
     1.1e+06           85         6.21   0.00772286    -0.165016   1.0935e+30       206000   -0.0012744 
     1.1e+06           90         6.21   0.00749619    -0.165208   1.0935e+30       206000  -0.00123843 
     1.1e+06           10         8.28    0.0217464   -0.0735096   1.0935e+30       206000  -0.00159857 
     1.1e+06           15         8.28    0.0197621    -0.116173   1.0935e+30       206000  -0.00229583 
     1.1e+06           20         8.28    0.0217168    -0.127708   1.0935e+30       206000  -0.00277341 
     1.1e+06           25         8.28    0.0197217    -0.136668   1.0935e+30       206000  -0.00269532 
     1.1e+06           30         8.28    0.0196622    -0.139197   1.0935e+30       206000  -0.00273692 
     1.1e+06           35         8.28    0.0173037    -0.141472   1.0935e+30       206000  -0.00244798 
     1.1e+06           40         8.28    0.0165647     -0.14263   1.0935e+30       206000  -0.00236263 
     1.1e+06           45         8.28    0.0148433    -0.144238   1.0935e+30       206000  -0.00214097 
     1.1e+06            5         8.28    0.0217471   -0.0203675   1.0935e+30       206000 -0.000442934 
     1.1e+06           50         8.28    0.0133488    -0.144636   1.0935e+30       206000   -0.0019307 
     1.1e+06           55         8.28    0.0121847    -0.144966   1.0935e+30       206000  -0.00176637 
     1.1e+06           60         8.28    0.0111809    -0.145647   1.0935e+30       206000  -0.00162845 
     1.1e+06           65         8.28    0.0102009    -0.146037   1.0935e+30       206000  -0.00148971 
     1.1e+06           70         8.28    0.0107822    -0.145463   1.0935e+30       206000  -0.00156841 
     1.1e+06           75         8.28   0.00903001    -0.145678   1.0935e+30       206000  -0.00131547 
     1.1e+06           80         8.28   0.00653211    -0.145572   1.0935e+30       206000 -0.000950892 
     1.1e+06           85         8.28   0.00635368    -0.145739   1.0935e+30       206000 -0.000925981 
     1.1e+06           90         8.28   0.00613929    -0.145909   1.0935e+30       206000  -0.00089578 
     1.1e+06           10        7.659    0.0221629   -0.0706694   1.0935e+30       206000  -0.00156624 
     1.1e+06           15        7.659     0.020235    -0.111704   1.0935e+30       206000  -0.00226034 
     1.1e+06           20        7.659    0.0225171     -0.12279   1.0935e+30       206000  -0.00276487 
     1.1e+06           25        7.659    0.0207226    -0.131358   1.0935e+30       206000  -0.00272207 
     1.1e+06           30        7.659    0.0209317    -0.133779   1.0935e+30       206000  -0.00280022 
     1.1e+06           35        7.659      0.01857    -0.135954   1.0935e+30       206000  -0.00252466 
     1.1e+06           40        7.659    0.0177975    -0.137067   1.0935e+30       206000  -0.00243945 
     1.1e+06           45        7.659    0.0159503    -0.138612   1.0935e+30       206000  -0.00221091 
     1.1e+06            5        7.659    0.0221545   -0.0195731   1.0935e+30       206000 -0.000433633 
     1.1e+06           50        7.659    0.0143521    -0.138995   1.0935e+30       206000  -0.00199487 
     1.1e+06           55        7.659    0.0131222    -0.139312   1.0935e+30       206000  -0.00182807 
     1.1e+06           60        7.659    0.0120744    -0.139966   1.0935e+30       206000  -0.00169001 
     1.1e+06           65        7.659    0.0110486    -0.140341   1.0935e+30       206000  -0.00155057 
     1.1e+06           70        7.659    0.0116943    -0.139789   1.0935e+30       206000  -0.00163473 
     1.1e+06           75        7.659   0.00978799    -0.139996   1.0935e+30       206000  -0.00137028 
     1.1e+06           80        7.659   0.00706355    -0.139895   1.0935e+30       206000 -0.000988152 
     1.1e+06           85        7.659    0.0068581    -0.140055   1.0935e+30       206000 -0.000960514 
     1.1e+06           90        7.659   0.00659863     -0.14022   1.0935e+30       206000 -0.000925257 
     1.1e+06           10        3.726    0.0236164    0.0539444   1.0935e+30       206000   0.00127398 
     1.1e+06           15        3.726    0.0219644     0.085327   1.0935e+30       206000   0.00187415 
     1.1e+06           20        3.726    0.0256751    0.0937774   1.0935e+30       206000   0.00240774 
     1.1e+06           25        3.726    0.0248864     0.100183   1.0935e+30       206000   0.00249321 
     1.1e+06           30        3.726    0.0264238     0.101993   1.0935e+30       206000   0.00269505 
     1.1e+06           35        3.726    0.0239685     0.103612   1.0935e+30       206000   0.00248343 
     1.1e+06           40        3.726    0.0226725     0.104472   1.0935e+30       206000   0.00236864 
     1.1e+06           45        3.726    0.0199029      0.10565   1.0935e+30       206000   0.00210274 
     1.1e+06            5        3.726    0.0235697    0.0149185   1.0935e+30       206000  0.000351624 
     1.1e+06           50        3.726    0.0175483     0.105938   1.0935e+30       206000   0.00185903 
     1.1e+06           55        3.726    0.0157378     0.106183   1.0935e+30       206000    0.0016711 
     1.1e+06           60        3.726    0.0141708     0.106679   1.0935e+30       206000   0.00151173 
     1.1e+06           65        3.726     0.012673     0.106965   1.0935e+30       206000   0.00135556 
     1.1e+06           70        3.726    0.0132073     0.106549   1.0935e+30       206000   0.00140723 
     1.1e+06           75        3.726    0.0109725     0.106704   1.0935e+30       206000   0.00117081 
     1.1e+06           80        3.726   0.00788468     0.106627   1.0935e+30       206000  0.000840722 
     1.1e+06           85        3.726   0.00763049      0.10675   1.0935e+30       206000  0.000814554 
     1.1e+06           90        3.726   0.00744599     0.106871   1.0935e+30       206000  0.000795758 
     1.1e+06           10        3.105    0.0198513    0.0974342   1.0935e+30       206000    0.0019342 
     1.1e+06           15        3.105    0.0185574     0.154146   1.0935e+30       206000   0.00286055 
     1.1e+06           20        3.105    0.0219882     0.169403   1.0935e+30       206000   0.00372487 
     1.1e+06           25        3.105    0.0216164     0.180909   1.0935e+30       206000   0.00391059 
     1.1e+06           30        3.105    0.0232787     0.184163   1.0935e+30       206000   0.00428708 
     1.1e+06           35        3.105    0.0213701     0.187074   1.0935e+30       206000   0.00399779 
     1.1e+06           40        3.105    0.0203904     0.188619   1.0935e+30       206000   0.00384601 
     1.1e+06           45        3.105    0.0180651     0.190745   1.0935e+30       206000   0.00344584 
     1.1e+06            5        3.105    0.0198032    0.0269346   1.0935e+30       206000  0.000533393 
     1.1e+06           50        3.105    0.0160638     0.191267   1.0935e+30       206000   0.00307247 
     1.1e+06           55        3.105    0.0145003     0.191709   1.0935e+30       206000   0.00277984 
     1.1e+06           60        3.105    0.0131354     0.192605   1.0935e+30       206000   0.00252995 
     1.1e+06           65        3.105    0.0118208     0.193121   1.0935e+30       206000   0.00228285 
     1.1e+06           70        3.105    0.0123635     0.192368   1.0935e+30       206000   0.00237834 
     1.1e+06           75        3.105     0.010275      0.19265   1.0935e+30       206000   0.00197947 
     1.1e+06           80        3.105   0.00736841     0.192511   1.0935e+30       206000    0.0014185 
     1.1e+06           85        3.105   0.00711976     0.192732   1.0935e+30       206000   0.00137221 
     1.1e+06           90        3.105   0.00694682     0.192949   1.0935e+30       206000   0.00134038 
     1.1e+06           10        5.796    0.0236883   -0.0774936   1.0935e+30       206000  -0.00183569 
     1.1e+06           15        5.796    0.0218136    -0.122531   1.0935e+30       206000  -0.00267283 
     1.1e+06           20        5.796    0.0248349    -0.134679   1.0935e+30       206000  -0.00334475 
     1.1e+06           25        5.796    0.0234146    -0.143984   1.0935e+30       206000  -0.00337133 
     1.1e+06           30        5.796    0.0242124    -0.146615   1.0935e+30       206000  -0.00354991 
     1.1e+06           35        5.796    0.0217472    -0.148974   1.0935e+30       206000  -0.00323977 
     1.1e+06           40        5.796    0.0207954    -0.150199   1.0935e+30       206000  -0.00312345 
     1.1e+06           45        5.796    0.0185444    -0.151892   1.0935e+30       206000  -0.00281675 
     1.1e+06            5        5.796    0.0236617   -0.0214483   1.0935e+30       206000 -0.000507504 
     1.1e+06           50        5.796    0.0166114     -0.15231   1.0935e+30       206000  -0.00253009 
     1.1e+06           55        5.796    0.0151401    -0.152659   1.0935e+30       206000  -0.00231127 
     1.1e+06           60        5.796    0.0138947    -0.153375   1.0935e+30       206000   -0.0021311 
     1.1e+06           65        5.796    0.0126811    -0.153786   1.0935e+30       206000  -0.00195018 
     1.1e+06           70        5.796    0.0134244    -0.153182   1.0935e+30       206000  -0.00205638 
     1.1e+06           75        5.796    0.0112826    -0.153408   1.0935e+30       206000  -0.00173083 
     1.1e+06           80        5.796   0.00821487    -0.153296   1.0935e+30       206000   -0.0012593 
     1.1e+06           85        5.796   0.00803036    -0.153472   1.0935e+30       206000  -0.00123243 
     1.1e+06           90        5.796   0.00778435    -0.153652   1.0935e+30       206000  -0.00119608 
     1.1e+06           10        6.831    0.0227846   -0.0763901   1.0935e+30       206000  -0.00174052 
     1.1e+06           15        6.831    0.0209047    -0.120769   1.0935e+30       206000  -0.00252464 
     1.1e+06           20        6.831    0.0235687    -0.132748   1.0935e+30       206000  -0.00312869 
     1.1e+06           25        6.831    0.0219928    -0.141958   1.0935e+30       206000  -0.00312205 
     1.1e+06           30        6.831    0.0224929    -0.144554   1.0935e+30       206000  -0.00325144 
     1.1e+06           35        6.831    0.0198799     -0.14688   1.0935e+30       206000  -0.00291996 
     1.1e+06           40        6.831    0.0186144    -0.148104   1.0935e+30       206000  -0.00275686 
     1.1e+06           45        6.831    0.0161973    -0.149775   1.0935e+30       206000  -0.00242595 
     1.1e+06            5        6.831    0.0227663   -0.0211491   1.0935e+30       206000 -0.000481489 
     1.1e+06           50        6.831    0.0142665     -0.15019   1.0935e+30       206000  -0.00214268 
     1.1e+06           55        6.831    0.0130669    -0.150529   1.0935e+30       206000  -0.00196695 
     1.1e+06           60        6.831    0.0122618    -0.151239   1.0935e+30       206000  -0.00185446 
     1.1e+06           65        6.831    0.0114667    -0.151645   1.0935e+30       206000  -0.00173886 
     1.1e+06           70        6.831    0.0123144     -0.15104   1.0935e+30       206000  -0.00185997 
     1.1e+06           75        6.831    0.0103771    -0.151268   1.0935e+30       206000  -0.00156972 
     1.1e+06           80        6.831   0.00751569    -0.151158   1.0935e+30       206000  -0.00113606 
     1.1e+06           85        6.831   0.00731721    -0.151332   1.0935e+30       206000  -0.00110733 
     1.1e+06           90        6.831   0.00707779    -0.151509   1.0935e+30       206000  -0.00107235 
     1.1e+06           10        5.175    0.0234896   -0.0590454   1.0935e+30       206000  -0.00138695 
     1.1e+06           15        5.175    0.0217489   -0.0933799   1.0935e+30       206000  -0.00203091 
     1.1e+06           20        5.175    0.0251231    -0.102633   1.0935e+30       206000  -0.00257845 
     1.1e+06           25        5.175    0.0240504    -0.109679   1.0935e+30       206000  -0.00263783 
     1.1e+06           30        5.175    0.0252565    -0.111676   1.0935e+30       206000  -0.00282055 
     1.1e+06           35        5.175    0.0230153    -0.113466   1.0935e+30       206000  -0.00261145 
     1.1e+06           40        5.175    0.0222769    -0.114392   1.0935e+30       206000   -0.0025483 
     1.1e+06           45        5.175    0.0201315    -0.115681   1.0935e+30       206000  -0.00232883 
     1.1e+06            5        5.175    0.0234521   -0.0163351   1.0935e+30       206000 -0.000383093 
     1.1e+06           50        5.175    0.0181812    -0.115998   1.0935e+30       206000  -0.00210898 
     1.1e+06           55        5.175     0.016472    -0.116266   1.0935e+30       206000  -0.00191513 
     1.1e+06           60        5.175    0.0148494    -0.116809   1.0935e+30       206000  -0.00173455 
     1.1e+06           65        5.175    0.0132904    -0.117122   1.0935e+30       206000   -0.0015566 
     1.1e+06           70        5.175    0.0138901    -0.116667   1.0935e+30       206000  -0.00162052 
     1.1e+06           75        5.175    0.0116119    -0.116836   1.0935e+30       206000  -0.00135669 
     1.1e+06           80        5.175   0.00844005    -0.116751   1.0935e+30       206000 -0.000985381 
     1.1e+06           85        5.175   0.00823955    -0.116885   1.0935e+30       206000 -0.000963079 
     1.1e+06           90        5.175   0.00801797     -0.11702   1.0935e+30       206000 -0.000938265 
     1.1e+06           10        10.35    0.0193847    -0.055932   1.0935e+30       206000  -0.00108422 
     1.1e+06           15        10.35    0.0175214   -0.0883756   1.0935e+30       206000  -0.00154846 
     1.1e+06           20        10.35    0.0189775   -0.0971557   1.0935e+30       206000  -0.00184377 
     1.1e+06           25        10.35      0.01697    -0.104015   1.0935e+30       206000  -0.00176513 
     1.1e+06           30        10.35    0.0166659     -0.10595   1.0935e+30       206000  -0.00176575 
     1.1e+06           35        10.35    0.0145471    -0.107692   1.0935e+30       206000   -0.0015666 
     1.1e+06           40        10.35    0.0139411    -0.108572   1.0935e+30       206000  -0.00151361 
     1.1e+06           45        10.35    0.0125271    -0.109796   1.0935e+30       206000  -0.00137542 
     1.1e+06            5        10.35    0.0193945    -0.015504   1.0935e+30       206000 -0.000300693 
     1.1e+06           50        10.35    0.0112557    -0.110096   1.0935e+30       206000  -0.00123921 
     1.1e+06           55        10.35    0.0101607    -0.110351   1.0935e+30       206000  -0.00112124 
     1.1e+06           60        10.35   0.00913158    -0.110866   1.0935e+30       206000  -0.00101238 
     1.1e+06           65        10.35   0.00814688    -0.111163   1.0935e+30       206000 -0.000905635 
     1.1e+06           70        10.35   0.00849996    -0.110732   1.0935e+30       206000 -0.000941221 
     1.1e+06           75        10.35    0.0071067    -0.110892   1.0935e+30       206000 -0.000788074 
     1.1e+06           80        10.35   0.00517367    -0.110811   1.0935e+30       206000 -0.000573298 
     1.1e+06           85        10.35   0.00505691    -0.110938   1.0935e+30       206000 -0.000561005 
     1.1e+06           90        10.35   0.00487165     -0.11107   1.0935e+30       206000 -0.000541093 
     1.1e+06           10        9.729    0.0199786   -0.0661359   1.0935e+30       206000   -0.0013213 
     1.1e+06           15        9.729    0.0180545    -0.104498   1.0935e+30       206000  -0.00188666 
     1.1e+06           20        9.729    0.0195443     -0.11488   1.0935e+30       206000  -0.00224524 
     1.1e+06           25        9.729    0.0174667    -0.122992   1.0935e+30       206000  -0.00214827 
     1.1e+06           30        9.729    0.0171419     -0.12528   1.0935e+30       206000  -0.00214754 
     1.1e+06           35        9.729    0.0149384    -0.127339   1.0935e+30       206000  -0.00190224 
     1.1e+06           40        9.729     0.014279    -0.128382   1.0935e+30       206000  -0.00183316 
     1.1e+06           45        9.729    0.0127912    -0.129829   1.0935e+30       206000  -0.00166067 
     1.1e+06            5        9.729     0.019989   -0.0183328   1.0935e+30       206000 -0.000366456 
     1.1e+06           50        9.729    0.0114875    -0.130185   1.0935e+30       206000   -0.0014955 
     1.1e+06           55        9.729    0.0104402    -0.130485   1.0935e+30       206000  -0.00136228 
     1.1e+06           60        9.729    0.0095099    -0.131096   1.0935e+30       206000  -0.00124671 
     1.1e+06           65        9.729   0.00860861    -0.131447   1.0935e+30       206000  -0.00113158 
     1.1e+06           70        9.729    0.0090623    -0.130933   1.0935e+30       206000  -0.00118656 
     1.1e+06           75        9.729   0.00759472    -0.131125   1.0935e+30       206000 -0.000995854 
     1.1e+06           80        9.729   0.00551919    -0.131029   1.0935e+30       206000 -0.000723174 
     1.1e+06           85        9.729   0.00538736     -0.13118   1.0935e+30       206000 -0.000706712 
     1.1e+06           90        9.729   0.00520054    -0.131334   1.0935e+30       206000 -0.000683009 
     1.1e+06           10        9.315    0.0204099   -0.0732842   1.0935e+30       206000  -0.00149573 
     1.1e+06           15        9.315    0.0184745      -0.1158   1.0935e+30       206000  -0.00213934 
     1.1e+06           20        9.315    0.0200871    -0.127302   1.0935e+30       206000  -0.00255714 
     1.1e+06           25        9.315    0.0180364    -0.136275   1.0935e+30       206000   -0.0024579 
     1.1e+06           30        9.315     0.017783    -0.138806   1.0935e+30       206000  -0.00246838 
     1.1e+06           35        9.315    0.0155418    -0.141084   1.0935e+30       206000  -0.00219269 
     1.1e+06           40        9.315    0.0148622    -0.142239   1.0935e+30       206000  -0.00211398 
     1.1e+06           45        9.315    0.0133147    -0.143842   1.0935e+30       206000  -0.00191522 
     1.1e+06            5        9.315    0.0204177   -0.0203116   1.0935e+30       206000 -0.000414716 
     1.1e+06           50        9.315    0.0119621    -0.144238   1.0935e+30       206000  -0.00172538 
     1.1e+06           55        9.315    0.0108843    -0.144569   1.0935e+30       206000  -0.00157352 
     1.1e+06           60        9.315   0.00993409    -0.145246   1.0935e+30       206000  -0.00144289 
     1.1e+06           65        9.315   0.00901164    -0.145636   1.0935e+30       206000  -0.00131241 
     1.1e+06           70        9.315   0.00949696    -0.145065   1.0935e+30       206000  -0.00137768 
     1.1e+06           75        9.315   0.00795755    -0.145278   1.0935e+30       206000  -0.00115606 
     1.1e+06           80        9.315    0.0057757    -0.145172   1.0935e+30       206000  -0.00083847 
     1.1e+06           85        9.315   0.00563239    -0.145339   1.0935e+30       206000 -0.000818606 
     1.1e+06           90        9.315   0.00544485    -0.145509   1.0935e+30       206000 -0.000792277 
     1.1e+06           10         4.14    0.0236987    0.0208458   1.0935e+30       206000  0.000494018 
     1.1e+06           15         4.14    0.0220279    0.0329722   1.0935e+30       206000  0.000726309 
     1.1e+06           20         4.14    0.0257092    0.0362379   1.0935e+30       206000  0.000931649 
     1.1e+06           25         4.14     0.024879     0.038715   1.0935e+30       206000   0.00096319 
     1.1e+06           30         4.14    0.0263907    0.0394161   1.0935e+30       206000   0.00104022 
     1.1e+06           35         4.14    0.0240752    0.0400437   1.0935e+30       206000   0.00096406 
     1.1e+06           40         4.14    0.0230778     0.040373   1.0935e+30       206000  0.000931721 
     1.1e+06           45         4.14     0.020591    0.0408281   1.0935e+30       206000  0.000840692 
     1.1e+06            5         4.14    0.0236529   0.00576524   1.0935e+30       206000  0.000136365 
     1.1e+06           50         4.14    0.0183998    0.0409396   1.0935e+30       206000  0.000753282 
     1.1e+06           55         4.14    0.0165904    0.0410344   1.0935e+30       206000  0.000680776 
     1.1e+06           60         4.14    0.0149395    0.0412261   1.0935e+30       206000  0.000615897 
     1.1e+06           65         4.14    0.0133562    0.0413365   1.0935e+30       206000  0.000552101 
     1.1e+06           70         4.14    0.0139081    0.0411758   1.0935e+30       206000  0.000572679 
     1.1e+06           75         4.14    0.0115355    0.0412359   1.0935e+30       206000  0.000475676 
     1.1e+06           80         4.14   0.00826435    0.0412061   1.0935e+30       206000  0.000340542 
     1.1e+06           85         4.14   0.00797957    0.0412535   1.0935e+30       206000  0.000329185 
     1.1e+06           90         4.14   0.00775863    0.0413003   1.0935e+30       206000  0.000320434 
