#   Radius[cm]     Phi[deg]   Energy[keV]     I          Q/I        mu[Gcm3]      Mass[cm]        Q      Phi[rad]
     1.2e+06           10         2.07    0.0164282     0.198729   1.0935e+30       206000   0.00326476  0.174533
     1.2e+06           15         2.07    0.0159836     0.328925   1.0935e+30       206000   0.00525742  0.261799
     1.2e+06           20         2.07    0.0142997     0.367555   1.0935e+30       206000   0.00525595  0.349066
     1.2e+06           25         2.07    0.0155395       0.3789   1.0935e+30       206000   0.00588792  0.436332
     1.2e+06           30         2.07    0.0144442     0.390749   1.0935e+30       206000   0.00564407  0.523599
     1.2e+06           35         2.07    0.0150042     0.395319   1.0935e+30       206000   0.00593144  0.610865
     1.2e+06           40         2.07    0.0136084     0.399873   1.0935e+30       206000   0.00544163  0.698132
     1.2e+06           45         2.07    0.0122846     0.401264   1.0935e+30       206000   0.00492939  0.785398
     1.2e+06            5         2.07    0.0157224    0.0585018   1.0935e+30       206000   0.00091979  0.0872665
     1.2e+06           50         2.07    0.0110906     0.403417   1.0935e+30       206000   0.00447415  0.872665
     1.2e+06           55         2.07       0.0107     0.404719   1.0935e+30       206000    0.0043305  0.959931
     1.2e+06           60         2.07   0.00974434     0.404255   1.0935e+30       206000    0.0039392    1.0472
     1.2e+06           65         2.07   0.00888355     0.404903   1.0935e+30       206000   0.00359698   1.13446
     1.2e+06           70         2.07   0.00749621     0.407437   1.0935e+30       206000   0.00305423   1.22173
     1.2e+06           75         2.07   0.00676809     0.405999   1.0935e+30       206000   0.00274784     1.309
     1.2e+06           80         2.07   0.00664842     0.406584   1.0935e+30       206000   0.00270314   1.39626
     1.2e+06           85         2.07   0.00548899     0.407569   1.0935e+30       206000   0.00223714   1.48353
     1.2e+06           90         2.07   0.00329629     0.406434   1.0935e+30       206000   0.00133972    1.5708
     1.2e+06           10        2.484    0.0215291     0.165232   1.0935e+30       206000    0.0035573  0.174533
     1.2e+06           15        2.484    0.0208029     0.273409   1.0935e+30       206000    0.0056877  0.261799
     1.2e+06           20        2.484    0.0183729     0.305706   1.0935e+30       206000    0.0056167  0.349066
     1.2e+06           25        2.484    0.0196576     0.315126   1.0935e+30       206000   0.00619462  0.436332
     1.2e+06           30        2.484    0.0180183     0.325052   1.0935e+30       206000    0.0058569  0.523599
     1.2e+06           35        2.484    0.0185182     0.328858   1.0935e+30       206000   0.00608984  0.610865
     1.2e+06           40        2.484    0.0166927      0.33265   1.0935e+30       206000   0.00555282  0.698132
     1.2e+06           45        2.484    0.0149859     0.333804   1.0935e+30       206000   0.00500237  0.785398
     1.2e+06            5        2.484    0.0206169    0.0486673   1.0935e+30       206000   0.00100337  0.0872665
     1.2e+06           50        2.484    0.0134506     0.335598   1.0935e+30       206000   0.00451399  0.872665
     1.2e+06           55        2.484    0.0128977     0.336681   1.0935e+30       206000   0.00434242  0.959931
     1.2e+06           60        2.484    0.0116672     0.336293   1.0935e+30       206000    0.0039236    1.0472
     1.2e+06           65        2.484    0.0105746     0.336839   1.0935e+30       206000   0.00356196   1.13446
     1.2e+06           70        2.484   0.00885747     0.338941   1.0935e+30       206000   0.00300216   1.22173
     1.2e+06           75        2.484   0.00792945     0.337744   1.0935e+30       206000   0.00267812     1.309
     1.2e+06           80        2.484   0.00773116     0.338236   1.0935e+30       206000   0.00261496   1.39626
     1.2e+06           85        2.484   0.00634994     0.339058   1.0935e+30       206000     0.002153   1.48353
     1.2e+06           90        2.484   0.00380632      0.33811   1.0935e+30       206000   0.00128696    1.5708
     1.2e+06           10        8.694    0.0221386   -0.0729996   1.0935e+30       206000  -0.00161611  0.174533
     1.2e+06           15        8.694    0.0211549     -0.12074   1.0935e+30       206000  -0.00255424  0.261799
     1.2e+06           20        8.694    0.0182951    -0.135137   1.0935e+30       206000  -0.00247235  0.349066
     1.2e+06           25        8.694    0.0190829    -0.139291   1.0935e+30       206000  -0.00265807  0.436332
     1.2e+06           30        8.694    0.0171112    -0.143733   1.0935e+30       206000  -0.00245944  0.523599
     1.2e+06           35        8.694    0.0174291    -0.145426   1.0935e+30       206000  -0.00253464  0.610865
     1.2e+06           40        8.694    0.0157747    -0.147096   1.0935e+30       206000  -0.00232039  0.698132
     1.2e+06           45        8.694    0.0142363    -0.147607   1.0935e+30       206000  -0.00210139  0.785398
     1.2e+06            5        8.694    0.0212217   -0.0215203   1.0935e+30       206000 -0.000456696  0.0872665
     1.2e+06           50        8.694    0.0128868    -0.148402   1.0935e+30       206000  -0.00191243  0.872665
     1.2e+06           55        8.694    0.0125394     -0.14888   1.0935e+30       206000  -0.00186686  0.959931
     1.2e+06           60        8.694    0.0115638     -0.14871   1.0935e+30       206000  -0.00171965    1.0472
     1.2e+06           65        8.694    0.0106523    -0.148943   1.0935e+30       206000  -0.00158659   1.13446
     1.2e+06           70        8.694   0.00899884    -0.149875   1.0935e+30       206000   -0.0013487   1.22173
     1.2e+06           75        8.694   0.00803984    -0.149347   1.0935e+30       206000  -0.00120072     1.309
     1.2e+06           80        8.694   0.00780619    -0.149566   1.0935e+30       206000  -0.00116754   1.39626
     1.2e+06           85        8.694   0.00631518    -0.149919   1.0935e+30       206000 -0.000946766   1.48353
     1.2e+06           90        8.694   0.00369846    -0.149524   1.0935e+30       206000 -0.000553008    1.5708
     1.2e+06           10        4.554    0.0247424   -0.0199897   1.0935e+30       206000 -0.000494592  0.174533
     1.2e+06           15        4.554    0.0243642   -0.0331011   1.0935e+30       206000 -0.000806483  0.261799
     1.2e+06           20        4.554      0.02229   -0.0369496   1.0935e+30       206000 -0.000823605  0.349066
     1.2e+06           25        4.554    0.0248834    -0.038093   1.0935e+30       206000 -0.000947884  0.436332
     1.2e+06           30        4.554    0.0237043   -0.0392698   1.0935e+30       206000 -0.000930865  0.523599
     1.2e+06           35        4.554    0.0251742   -0.0397293   1.0935e+30       206000  -0.00100015  0.610865
     1.2e+06           40        4.554    0.0232179   -0.0401849   1.0935e+30       206000 -0.000933008  0.698132
     1.2e+06           45        4.554    0.0212923   -0.0403257   1.0935e+30       206000 -0.000858628  0.785398
     1.2e+06            5        4.554    0.0236542  -0.00587901   1.0935e+30       206000 -0.000139063  0.0872665
     1.2e+06           50        4.554     0.019374   -0.0405391   1.0935e+30       206000 -0.000785404  0.872665
     1.2e+06           55        4.554    0.0185268   -0.0406705   1.0935e+30       206000 -0.000753494  0.959931
     1.2e+06           60        4.554    0.0165464   -0.0406236   1.0935e+30       206000 -0.000672174    1.0472
     1.2e+06           65        4.554    0.0148311   -0.0406911   1.0935e+30       206000 -0.000603493   1.13446
     1.2e+06           70        4.554    0.0123298   -0.0409442   1.0935e+30       206000 -0.000504834   1.22173
     1.2e+06           75        4.554    0.0110147   -0.0407995   1.0935e+30       206000 -0.000449394     1.309
     1.2e+06           80        4.554    0.0107335    -0.040859   1.0935e+30       206000  -0.00043856   1.39626
     1.2e+06           85        4.554   0.00872432   -0.0409559   1.0935e+30       206000 -0.000357313   1.48353
     1.2e+06           90        4.554   0.00513468    -0.040847   1.0935e+30       206000 -0.000209736    1.5708
     1.2e+06           10         6.21    0.0243344    -0.080804   1.0935e+30       206000  -0.00196632  0.174533
     1.2e+06           15         6.21    0.0236767    -0.133742   1.0935e+30       206000  -0.00316658  0.261799
     1.2e+06           20         6.21    0.0211837    -0.149449   1.0935e+30       206000  -0.00316589  0.349066
     1.2e+06           25         6.21    0.0230221    -0.154062   1.0935e+30       206000  -0.00354683  0.436332
     1.2e+06           30         6.21    0.0213811    -0.158875   1.0935e+30       206000  -0.00339692  0.523599
     1.2e+06           35         6.21    0.0220222    -0.160725   1.0935e+30       206000  -0.00353952  0.610865
     1.2e+06           40         6.21    0.0196962    -0.162588   1.0935e+30       206000  -0.00320237  0.698132
     1.2e+06           45         6.21      0.01753     -0.16315   1.0935e+30       206000  -0.00286001  0.785398
     1.2e+06            5         6.21    0.0232889    -0.023787   1.0935e+30       206000 -0.000553973  0.0872665
     1.2e+06           50         6.21    0.0157427    -0.164037   1.0935e+30       206000  -0.00258239  0.872665
     1.2e+06           55         6.21    0.0153947    -0.164564   1.0935e+30       206000  -0.00253341  0.959931
     1.2e+06           60         6.21    0.0143808    -0.164377   1.0935e+30       206000  -0.00236387    1.0472
     1.2e+06           65         6.21    0.0133957    -0.164628   1.0935e+30       206000   -0.0022053   1.13446
     1.2e+06           70         6.21    0.0114113    -0.165662   1.0935e+30       206000  -0.00189042   1.22173
     1.2e+06           75         6.21    0.0102367    -0.165078   1.0935e+30       206000  -0.00168986     1.309
     1.2e+06           80         6.21   0.00996362    -0.165319   1.0935e+30       206000  -0.00164718   1.39626
     1.2e+06           85         6.21   0.00807685     -0.16571   1.0935e+30       206000  -0.00133841   1.48353
     1.2e+06           90         6.21   0.00473593    -0.165273   1.0935e+30       206000 -0.000782721    1.5708
     1.2e+06           10         8.28    0.0226916   -0.0712762   1.0935e+30       206000  -0.00161737  0.174533
     1.2e+06           15         8.28    0.0217353      -0.1179   1.0935e+30       206000   -0.0025626  0.261799
     1.2e+06           20         8.28    0.0188826    -0.131931   1.0935e+30       206000  -0.00249119  0.349066
     1.2e+06           25         8.28    0.0198043    -0.135988   1.0935e+30       206000  -0.00269314  0.436332
     1.2e+06           30         8.28    0.0178441    -0.140314   1.0935e+30       206000  -0.00250378  0.523599
     1.2e+06           35         8.28    0.0182245    -0.141965   1.0935e+30       206000  -0.00258724  0.610865
     1.2e+06           40         8.28    0.0165001    -0.143596   1.0935e+30       206000  -0.00236934  0.698132
     1.2e+06           45         8.28    0.0148922    -0.144095   1.0935e+30       206000   -0.0021459  0.785398
     1.2e+06            5         8.28    0.0217471   -0.0210082   1.0935e+30       206000 -0.000456867  0.0872665
     1.2e+06           50         8.28    0.0134889    -0.144871   1.0935e+30       206000  -0.00195416  0.872665
     1.2e+06           55         8.28    0.0131474    -0.145338   1.0935e+30       206000  -0.00191081  0.959931
     1.2e+06           60         8.28    0.0121539    -0.145172   1.0935e+30       206000  -0.00176441    1.0472
     1.2e+06           65         8.28    0.0112186    -0.145398   1.0935e+30       206000  -0.00163117   1.13446
     1.2e+06           70         8.28   0.00948427    -0.146309   1.0935e+30       206000  -0.00138763   1.22173
     1.2e+06           75         8.28    0.0084657    -0.145793   1.0935e+30       206000  -0.00123424     1.309
     1.2e+06           80         8.28   0.00820999    -0.146007   1.0935e+30       206000  -0.00119871   1.39626
     1.2e+06           85         8.28   0.00662879    -0.146351   1.0935e+30       206000  -0.00097013   1.48353
     1.2e+06           90         8.28   0.00387271    -0.145968   1.0935e+30       206000  -0.00056529    1.5708
     1.2e+06           10        7.659    0.0231297   -0.0685303   1.0935e+30       206000  -0.00158509  0.174533
     1.2e+06           15        7.659    0.0222944    -0.113386   1.0935e+30       206000  -0.00252787  0.261799
     1.2e+06           20        7.659     0.019599    -0.126808   1.0935e+30       206000   -0.0024853  0.349066
     1.2e+06           25        7.659    0.0208521    -0.130713   1.0935e+30       206000  -0.00272564  0.436332
     1.2e+06           30        7.659    0.0190262    -0.134843   1.0935e+30       206000  -0.00256555  0.523599
     1.2e+06           35        7.659    0.0195664    -0.136426   1.0935e+30       206000  -0.00266937  0.610865
     1.2e+06           40        7.659    0.0177287    -0.137995   1.0935e+30       206000  -0.00244647  0.698132
     1.2e+06           45        7.659    0.0160033    -0.138475   1.0935e+30       206000  -0.00221606  0.785398
     1.2e+06            5        7.659    0.0221545   -0.0201888   1.0935e+30       206000 -0.000447273  0.0872665
     1.2e+06           50        7.659    0.0145069    -0.139221   1.0935e+30       206000  -0.00201967  0.872665
     1.2e+06           55        7.659    0.0141693    -0.139669   1.0935e+30       206000  -0.00197902  0.959931
     1.2e+06           60        7.659     0.013138    -0.139511   1.0935e+30       206000  -0.00183289    1.0472
     1.2e+06           65        7.659    0.0121573    -0.139727   1.0935e+30       206000   -0.0016987   1.13446
     1.2e+06           70        7.659    0.0102845    -0.140602   1.0935e+30       206000  -0.00144602   1.22173
     1.2e+06           75        7.659    0.0091642    -0.140106   1.0935e+30       206000  -0.00128396     1.309
     1.2e+06           80        7.659    0.0088695    -0.140312   1.0935e+30       206000   -0.0012445   1.39626
     1.2e+06           85        7.659   0.00713888    -0.140642   1.0935e+30       206000  -0.00100403   1.48353
     1.2e+06           90        7.659   0.00415518    -0.140276   1.0935e+30       206000 -0.000582875    1.5708
     1.2e+06           10        3.726    0.0246616    0.0523352   1.0935e+30       206000   0.00129067  0.174533
     1.2e+06           15        3.726    0.0243692    0.0866742   1.0935e+30       206000   0.00211218  0.261799
     1.2e+06           20        3.726    0.0224379    0.0967221   1.0935e+30       206000   0.00217024  0.349066
     1.2e+06           25        3.726    0.0252426    0.0997171   1.0935e+30       206000   0.00251712  0.436332
     1.2e+06           30        3.726    0.0241524     0.102779   1.0935e+30       206000   0.00248236  0.523599
     1.2e+06           35        3.726     0.025205     0.103966   1.0935e+30       206000   0.00262047  0.610865
     1.2e+06           40        3.726     0.022466     0.105178   1.0935e+30       206000   0.00236292  0.698132
     1.2e+06           45        3.726    0.0198951      0.10554   1.0935e+30       206000   0.00209973  0.785398
     1.2e+06            5        3.726    0.0235697    0.0153878   1.0935e+30       206000  0.000362685  0.0872665
     1.2e+06           50        3.726    0.0176719     0.106111   1.0935e+30       206000   0.00187519  0.872665
     1.2e+06           55        3.726    0.0168958     0.106453   1.0935e+30       206000   0.00179861  0.959931
     1.2e+06           60        3.726    0.0153039     0.106331   1.0935e+30       206000   0.00162727    1.0472
     1.2e+06           65        3.726    0.0138845     0.106503   1.0935e+30       206000   0.00147874   1.13446
     1.2e+06           70        3.726    0.0115765     0.107166   1.0935e+30       206000    0.0012406   1.22173
     1.2e+06           75        3.726     0.010249     0.106787   1.0935e+30       206000   0.00109446     1.309
     1.2e+06           80        3.726   0.00988378     0.106945   1.0935e+30       206000   0.00105702   1.39626
     1.2e+06           85        3.726   0.00800258     0.107202   1.0935e+30       206000  0.000857893   1.48353
     1.2e+06           90        3.726   0.00472653     0.106911   1.0935e+30       206000  0.000505317    1.5708
     1.2e+06           10        3.105    0.0207332    0.0945394   1.0935e+30       206000   0.00196011  0.174533
     1.2e+06           15        3.105    0.0206293     0.156611   1.0935e+30       206000   0.00323078  0.261799
     1.2e+06           20        3.105    0.0192367     0.174662   1.0935e+30       206000   0.00335993  0.349066
     1.2e+06           25        3.105    0.0219734     0.180078   1.0935e+30       206000   0.00395694  0.436332
     1.2e+06           30        3.105    0.0213165     0.185569   1.0935e+30       206000   0.00395569  0.523599
     1.2e+06           35        3.105    0.0225165     0.187713   1.0935e+30       206000   0.00422663  0.610865
     1.2e+06           40        3.105    0.0202521     0.189894   1.0935e+30       206000   0.00384575  0.698132
     1.2e+06           45        3.105    0.0180879     0.190551   1.0935e+30       206000   0.00344666  0.785398
     1.2e+06            5        3.105    0.0198032    0.0277819   1.0935e+30       206000  0.000550171  0.0872665
     1.2e+06           50        3.105    0.0161979      0.19158   1.0935e+30       206000    0.0031032  0.872665
     1.2e+06           55        3.105    0.0155923     0.192197   1.0935e+30       206000    0.0029968  0.959931
     1.2e+06           60        3.105    0.0142149     0.191977   1.0935e+30       206000   0.00272894    1.0472
     1.2e+06           65        3.105    0.0129659     0.192284   1.0935e+30       206000   0.00249313   1.13446
     1.2e+06           70        3.105    0.0108394     0.193482   1.0935e+30       206000   0.00209722   1.22173
     1.2e+06           75        3.105   0.00958667     0.192798   1.0935e+30       206000   0.00184829     1.309
     1.2e+06           80        3.105   0.00922911     0.193085   1.0935e+30       206000     0.001782   1.39626
     1.2e+06           85        3.105   0.00746643     0.193549   1.0935e+30       206000   0.00144512   1.48353
     1.2e+06           90        3.105   0.00441107     0.193022   1.0935e+30       206000  0.000851431    1.5708
     1.2e+06           10        5.796    0.0247286   -0.0751637   1.0935e+30       206000  -0.00185869  0.174533
     1.2e+06           15        5.796    0.0241111    -0.124417   1.0935e+30       206000  -0.00299983  0.261799
     1.2e+06           20        5.796    0.0216573    -0.139003   1.0935e+30       206000  -0.00301043  0.349066
     1.2e+06           25        5.796    0.0236487    -0.143295   1.0935e+30       206000  -0.00338874  0.436332
     1.2e+06           30        5.796     0.022068    -0.147764   1.0935e+30       206000  -0.00326086  0.523599
     1.2e+06           35        5.796     0.022911    -0.149489   1.0935e+30       206000  -0.00342493  0.610865
     1.2e+06           40        5.796    0.0206887    -0.151215   1.0935e+30       206000  -0.00312844  0.698132
     1.2e+06           45        5.796    0.0185894     -0.15174   1.0935e+30       206000  -0.00282076  0.785398
     1.2e+06            5        5.796    0.0236617    -0.022123   1.0935e+30       206000 -0.000523468  0.0872665
     1.2e+06           50        5.796    0.0167797    -0.152559   1.0935e+30       206000   -0.0025599  0.872665
     1.2e+06           55        5.796    0.0163367     -0.15305   1.0935e+30       206000  -0.00250033  0.959931
     1.2e+06           60        5.796    0.0151051    -0.152876   1.0935e+30       206000  -0.00230921    1.0472
     1.2e+06           65        5.796    0.0139477    -0.153114   1.0935e+30       206000  -0.00213558   1.13446
     1.2e+06           70        5.796    0.0118254    -0.154074   1.0935e+30       206000  -0.00182198   1.22173
     1.2e+06           75        5.796    0.0106157     -0.15353   1.0935e+30       206000  -0.00162984     1.309
     1.2e+06           80        5.796     0.010352    -0.153754   1.0935e+30       206000  -0.00159166   1.39626
     1.2e+06           85        5.796   0.00839259    -0.154116   1.0935e+30       206000  -0.00129343   1.48353
     1.2e+06           90        5.796   0.00491261    -0.153713   1.0935e+30       206000  -0.00075513    1.5708
     1.2e+06           10        6.831    0.0237824   -0.0740867   1.0935e+30       206000  -0.00176196  0.174533
     1.2e+06           15        6.831    0.0230746    -0.122611   1.0935e+30       206000  -0.00282919  0.261799
     1.2e+06           20        6.831    0.0205365    -0.137045   1.0935e+30       206000  -0.00281442  0.349066
     1.2e+06           25        6.831    0.0221774    -0.141272   1.0935e+30       206000  -0.00313304  0.436332
     1.2e+06           30        6.831    0.0204651    -0.145696   1.0935e+30       206000  -0.00298167  0.523599
     1.2e+06           35        6.831    0.0208515    -0.147386   1.0935e+30       206000  -0.00307322  0.610865
     1.2e+06           40        6.831    0.0184037    -0.149104   1.0935e+30       206000  -0.00274406  0.698132
     1.2e+06           45        6.831    0.0161655    -0.149615   1.0935e+30       206000   -0.0024186  0.785398
     1.2e+06            5        6.831    0.0227663   -0.0218144   1.0935e+30       206000 -0.000496634  0.0872665
     1.2e+06           50        6.831    0.0144144    -0.150438   1.0935e+30       206000  -0.00216847  0.872665
     1.2e+06           55        6.831    0.0141825    -0.150919   1.0935e+30       206000  -0.00214041  0.959931
     1.2e+06           60        6.831    0.0134374    -0.150749   1.0935e+30       206000  -0.00202567    1.0472
     1.2e+06           65        6.831    0.0126692    -0.150973   1.0935e+30       206000   -0.0019127   1.13446
     1.2e+06           70        6.831    0.0108629    -0.151923   1.0935e+30       206000  -0.00165032   1.22173
     1.2e+06           75        6.831   0.00973514    -0.151388   1.0935e+30       206000  -0.00147378     1.309
     1.2e+06           80        6.831   0.00945083     -0.15161   1.0935e+30       206000  -0.00143284   1.39626
     1.2e+06           85        6.831   0.00763837    -0.151968   1.0935e+30       206000  -0.00116078   1.48353
     1.2e+06           90        6.831   0.00446614    -0.151569   1.0935e+30       206000 -0.000676929    1.5708
     1.2e+06           10        5.175    0.0245255   -0.0572778   1.0935e+30       206000  -0.00140477  0.174533
     1.2e+06           15        5.175    0.0240891   -0.0948378   1.0935e+30       206000  -0.00228456  0.261799
     1.2e+06           20        5.175    0.0219345    -0.105888   1.0935e+30       206000   -0.0023226  0.349066
     1.2e+06           25        5.175     0.024348    -0.109162   1.0935e+30       206000  -0.00265789  0.436332
     1.2e+06           30        5.175    0.0230672    -0.112543   1.0935e+30       206000  -0.00259604  0.523599
     1.2e+06           35        5.175    0.0243125    -0.113857   1.0935e+30       206000  -0.00276815  0.610865
     1.2e+06           40        5.175    0.0222381    -0.115167   1.0935e+30       206000  -0.00256109  0.698132
     1.2e+06           45        5.175    0.0202285    -0.115569   1.0935e+30       206000  -0.00233778  0.785398
     1.2e+06            5        5.175    0.0234521   -0.0168489   1.0935e+30       206000 -0.000395143  0.0872665
     1.2e+06           50        5.175    0.0183528    -0.116186   1.0935e+30       206000  -0.00213234  0.872665
     1.2e+06           55        5.175     0.017691    -0.116561   1.0935e+30       206000  -0.00206208  0.959931
     1.2e+06           60        5.175    0.0160402    -0.116427   1.0935e+30       206000  -0.00186752    1.0472
     1.2e+06           65        5.175    0.0145642    -0.116616   1.0935e+30       206000  -0.00169842   1.13446
     1.2e+06           70        5.175    0.0122058    -0.117343   1.0935e+30       206000  -0.00143227   1.22173
     1.2e+06           75        5.175    0.0109151    -0.116929   1.0935e+30       206000  -0.00127629     1.309
     1.2e+06           80        5.175    0.0106283      -0.1171   1.0935e+30       206000  -0.00124457   1.39626
     1.2e+06           85        5.175   0.00862886    -0.117377   1.0935e+30       206000  -0.00101283   1.48353
     1.2e+06           90        5.175   0.00507169    -0.117066   1.0935e+30       206000 -0.000593722    1.5708
     1.2e+06           10        10.35    0.0202237   -0.0542253   1.0935e+30       206000  -0.00109664  0.174533
     1.2e+06           15        10.35    0.0192322   -0.0896703   1.0935e+30       206000  -0.00172456  0.261799
     1.2e+06           20        10.35    0.0164806    -0.100407   1.0935e+30       206000  -0.00165476  0.349066
     1.2e+06           25        10.35    0.0170005    -0.103489   1.0935e+30       206000  -0.00175937  0.436332
     1.2e+06           30        10.35    0.0150982    -0.106808   1.0935e+30       206000  -0.00161261  0.523599
     1.2e+06           35        10.35    0.0153214    -0.108069   1.0935e+30       206000  -0.00165576  0.610865
     1.2e+06           40        10.35    0.0138965    -0.109307   1.0935e+30       206000  -0.00151899  0.698132
     1.2e+06           45        10.35    0.0125746    -0.109688   1.0935e+30       206000  -0.00137929  0.785398
     1.2e+06            5        10.35    0.0193945   -0.0159917   1.0935e+30       206000 -0.000310151  0.0872665
     1.2e+06           50        10.35    0.0113536    -0.110275   1.0935e+30       206000  -0.00125201  0.872665
     1.2e+06           55        10.35    0.0109036    -0.110631   1.0935e+30       206000  -0.00120627  0.959931
     1.2e+06           60        10.35   0.00985354    -0.110504   1.0935e+30       206000  -0.00108885    1.0472
     1.2e+06           65        10.35   0.00892252    -0.110683   1.0935e+30       206000 -0.000987575   1.13446
     1.2e+06           70        10.35   0.00746927    -0.111374   1.0935e+30       206000 -0.000831881   1.22173
     1.2e+06           75        10.35   0.00668613     -0.11098   1.0935e+30       206000  -0.00074203     1.309
     1.2e+06           80        10.35   0.00651922    -0.111142   1.0935e+30       206000  -0.00072456   1.39626
     1.2e+06           85        10.35    0.0052676    -0.111402   1.0935e+30       206000  -0.00058682   1.48353
     1.2e+06           90        10.35   0.00306464    -0.111115   1.0935e+30       206000 -0.000340528    1.5708
     1.2e+06           10        9.729    0.0208432   -0.0641176   1.0935e+30       206000  -0.00133641  0.174533
     1.2e+06           15        9.729    0.0198159    -0.106028   1.0935e+30       206000  -0.00210104  0.261799
     1.2e+06           20        9.729    0.0169721    -0.118725   1.0935e+30       206000  -0.00201502  0.349066
     1.2e+06           25        9.729    0.0174965     -0.12237   1.0935e+30       206000  -0.00214105  0.436332
     1.2e+06           30        9.729    0.0155274    -0.126295   1.0935e+30       206000  -0.00196103  0.523599
     1.2e+06           35        9.729     0.015725    -0.127785   1.0935e+30       206000  -0.00200942  0.610865
     1.2e+06           40        9.729    0.0142221    -0.129251   1.0935e+30       206000  -0.00183822  0.698132
     1.2e+06           45        9.729    0.0128327      -0.1297   1.0935e+30       206000   -0.0016644  0.785398
     1.2e+06            5        9.729     0.019989   -0.0189095   1.0935e+30       206000 -0.000377983  0.0872665
     1.2e+06           50        9.729    0.0115996    -0.130398   1.0935e+30       206000  -0.00151256  0.872665
     1.2e+06           55        9.729    0.0112432    -0.130818   1.0935e+30       206000  -0.00147081  0.959931
     1.2e+06           60        9.729    0.0103108    -0.130668   1.0935e+30       206000  -0.00134729    1.0472
     1.2e+06           65        9.729   0.00945382    -0.130875   1.0935e+30       206000  -0.00123727   1.13446
     1.2e+06           70        9.729    0.0079727    -0.131694   1.0935e+30       206000  -0.00104995   1.22173
     1.2e+06           75        9.729   0.00713828    -0.131229   1.0935e+30       206000  -0.00093675     1.309
     1.2e+06           80        9.729   0.00694969    -0.131421   1.0935e+30       206000 -0.000913333   1.39626
     1.2e+06           85        9.729   0.00561783    -0.131729   1.0935e+30       206000 -0.000740031   1.48353
     1.2e+06           90        9.729   0.00327607    -0.131387   1.0935e+30       206000 -0.000430434    1.5708
     1.2e+06           10        9.315    0.0212943   -0.0710507   1.0935e+30       206000  -0.00151297  0.174533
     1.2e+06           15        9.315    0.0202892    -0.117503   1.0935e+30       206000  -0.00238403  0.261799
     1.2e+06           20        9.315      0.01745    -0.131549   1.0935e+30       206000  -0.00229552  0.349066
     1.2e+06           25        9.315    0.0180803    -0.135589   1.0935e+30       206000  -0.00245149  0.436332
     1.2e+06           30        9.315     0.016117    -0.139927   1.0935e+30       206000  -0.00225521  0.523599
     1.2e+06           35        9.315    0.0163627    -0.141577   1.0935e+30       206000  -0.00231658  0.610865
     1.2e+06           40        9.315    0.0148034    -0.143202   1.0935e+30       206000  -0.00211986  0.698132
     1.2e+06           45        9.315    0.0133581      -0.1437   1.0935e+30       206000  -0.00191955  0.785398
     1.2e+06            5        9.315    0.0204177   -0.0209505   1.0935e+30       206000 -0.000427761  0.0872665
     1.2e+06           50        9.315    0.0120812    -0.144473   1.0935e+30       206000  -0.00174541  0.872665
     1.2e+06           55        9.315    0.0117276    -0.144938   1.0935e+30       206000  -0.00169977  0.959931
     1.2e+06           60        9.315    0.0107782    -0.144773   1.0935e+30       206000  -0.00156039    1.0472
     1.2e+06           65        9.315   0.00990026    -0.145001   1.0935e+30       206000  -0.00143555   1.13446
     1.2e+06           70        9.315   0.00835474    -0.145908   1.0935e+30       206000  -0.00121902   1.22173
     1.2e+06           75        9.315   0.00747417    -0.145393   1.0935e+30       206000  -0.00108669     1.309
     1.2e+06           80        9.315   0.00726906    -0.145606   1.0935e+30       206000  -0.00105842   1.39626
     1.2e+06           85        9.315   0.00587779    -0.145948   1.0935e+30       206000 -0.000857854   1.48353
     1.2e+06           90        9.315   0.00343332    -0.145568   1.0935e+30       206000  -0.00049978    1.5708
     1.2e+06           10         4.14    0.0247469    0.0202237   1.0935e+30       206000  0.000500474  0.174533
     1.2e+06           15         4.14    0.0244342    0.0334921   1.0935e+30       206000  0.000818352  0.261799
     1.2e+06           20         4.14     0.022465    0.0373773   1.0935e+30       206000   0.00083968  0.349066
     1.2e+06           25         4.14    0.0252287    0.0385345   1.0935e+30       206000  0.000972176  0.436332
     1.2e+06           30         4.14    0.0241263      0.03972   1.0935e+30       206000  0.000958295  0.523599
     1.2e+06           35         4.14    0.0253852    0.0401812   1.0935e+30       206000   0.00102001  0.610865
     1.2e+06           40         4.14    0.0229626    0.0406462   1.0935e+30       206000  0.000933342  0.698132
     1.2e+06           45         4.14     0.020643    0.0407873   1.0935e+30       206000  0.000841973  0.785398
     1.2e+06            5         4.14    0.0236529   0.00594659   1.0935e+30       206000  0.000140654  0.0872665
     1.2e+06           50         4.14    0.0185531    0.0410063   1.0935e+30       206000  0.000760795  0.872665
     1.2e+06           55         4.14    0.0178122    0.0411387   1.0935e+30       206000  0.000732771  0.959931
     1.2e+06           60         4.14    0.0161326    0.0410914   1.0935e+30       206000  0.000662912    1.0472
     1.2e+06           65         4.14    0.0146319    0.0411579   1.0935e+30       206000   0.00060222   1.13446
     1.2e+06           70         4.14    0.0121825     0.041414   1.0935e+30       206000  0.000504527   1.22173
     1.2e+06           75         4.14     0.010757    0.0412676   1.0935e+30       206000  0.000443915     1.309
     1.2e+06           80         4.14    0.0103473     0.041329   1.0935e+30       206000  0.000427645   1.39626
     1.2e+06           85         4.14   0.00835252     0.041428   1.0935e+30       206000  0.000346028   1.48353
     1.2e+06           90         4.14   0.00491871     0.041316   1.0935e+30       206000  0.000203221    1.5708
