     1.2e+06           10         2.07    0.0164282    -0.337229    2.592e+30       206000  -0.00554006 
     1.2e+06           15         2.07    0.0159836    -0.332128    2.592e+30       206000  -0.00530862 
     1.2e+06           20         2.07    0.0142997    -0.326446    2.592e+30       206000  -0.00466808 
     1.2e+06           25         2.07    0.0155395    -0.313601    2.592e+30       206000  -0.00487321 
     1.2e+06           30         2.07    0.0144442    -0.305691    2.592e+30       206000  -0.00441548 
     1.2e+06           35         2.07    0.0150042     -0.30213    2.592e+30       206000  -0.00453321 
     1.2e+06           40         2.07    0.0136084    -0.294136    2.592e+30       206000  -0.00400271 
     1.2e+06           45         2.07    0.0122846    -0.306002    2.592e+30       206000  -0.00375913 
     1.2e+06            5         2.07    0.0157224    -0.204297    2.592e+30       206000  -0.00321204 
     1.2e+06           50         2.07    0.0110906    -0.298738    2.592e+30       206000  -0.00331319 
     1.2e+06           55         2.07       0.0107    -0.298262    2.592e+30       206000  -0.00319141 
     1.2e+06           60         2.07   0.00974434    -0.290531    2.592e+30       206000  -0.00283103 
     1.2e+06           65         2.07   0.00888355    -0.306221    2.592e+30       206000  -0.00272033 
     1.2e+06           70         2.07   0.00749621      -0.2909    2.592e+30       206000  -0.00218065 
     1.2e+06           75         2.07   0.00676809    -0.312513    2.592e+30       206000  -0.00211512 
     1.2e+06           80         2.07   0.00664842    -0.311455    2.592e+30       206000  -0.00207068 
     1.2e+06           85         2.07   0.00548899    -0.291003    2.592e+30       206000  -0.00159731 
     1.2e+06           90         2.07   0.00329629    -0.278612    2.592e+30       206000 -0.000918386 
     1.2e+06           10        2.484    0.0215291    -0.279815    2.592e+30       206000  -0.00602417 
     1.2e+06           15        2.484    0.0208029    -0.277558    2.592e+30       206000    -0.005774 
     1.2e+06           20        2.484    0.0183729    -0.275357    2.592e+30       206000  -0.00505912 
     1.2e+06           25        2.484    0.0196576    -0.265586    2.592e+30       206000  -0.00522077 
     1.2e+06           30        2.484    0.0180183    -0.257167    2.592e+30       206000  -0.00463372 
     1.2e+06           35        2.484    0.0185182    -0.252948    2.592e+30       206000  -0.00468413 
     1.2e+06           40        2.484    0.0166927    -0.246785    2.592e+30       206000   -0.0041195 
     1.2e+06           45        2.484    0.0149859    -0.254261    2.592e+30       206000  -0.00381033 
     1.2e+06            5        2.484    0.0206169    -0.178227    2.592e+30       206000  -0.00367449 
     1.2e+06           50        2.484    0.0134506    -0.248168    2.592e+30       206000  -0.00333801 
     1.2e+06           55        2.484    0.0128977    -0.247406    2.592e+30       206000  -0.00319098 
     1.2e+06           60        2.484    0.0116672    -0.241024    2.592e+30       206000  -0.00281208 
     1.2e+06           65        2.484    0.0105746    -0.254416    2.592e+30       206000  -0.00269036 
     1.2e+06           70        2.484   0.00885747    -0.241097    2.592e+30       206000   -0.0021355 
     1.2e+06           75        2.484   0.00792945    -0.259342    2.592e+30       206000  -0.00205644 
     1.2e+06           80        2.484   0.00773116      -0.2593    2.592e+30       206000  -0.00200469 
     1.2e+06           85        2.484   0.00634994    -0.243113    2.592e+30       206000  -0.00154375 
     1.2e+06           90        2.484   0.00380632    -0.234959    2.592e+30       206000  -0.00089433 
     1.2e+06           10        3.105    0.0207332    -0.162033    2.592e+30       206000  -0.00335947 
     1.2e+06           15        3.105    0.0206293     -0.15918    2.592e+30       206000  -0.00328378 
     1.2e+06           20        3.105    0.0192367    -0.158693    2.592e+30       206000  -0.00305273 
     1.2e+06           25        3.105    0.0219734    -0.152997    2.592e+30       206000  -0.00336186 
     1.2e+06           30        3.105    0.0213165    -0.149754    2.592e+30       206000  -0.00319222 
     1.2e+06           35        3.105    0.0225165    -0.146203    2.592e+30       206000  -0.00329197 
     1.2e+06           40        3.105    0.0202521    -0.142712    2.592e+30       206000  -0.00289022 
     1.2e+06           45        3.105    0.0180879    -0.145751    2.592e+30       206000  -0.00263633 
     1.2e+06            5        3.105    0.0198032    -0.108466    2.592e+30       206000  -0.00214798 
     1.2e+06           50        3.105    0.0161979    -0.142275    2.592e+30       206000  -0.00230456 
     1.2e+06           55        3.105    0.0155923    -0.141969    2.592e+30       206000  -0.00221363 
     1.2e+06           60        3.105    0.0142149    -0.138148    2.592e+30       206000  -0.00196377 
     1.2e+06           65        3.105    0.0129659    -0.146084    2.592e+30       206000  -0.00189411 
     1.2e+06           70        3.105    0.0108394    -0.138314    2.592e+30       206000  -0.00149923 
     1.2e+06           75        3.105   0.00958667    -0.148657    2.592e+30       206000  -0.00142512 
     1.2e+06           80        3.105   0.00922911    -0.149322    2.592e+30       206000  -0.00137811 
     1.2e+06           85        3.105   0.00746643    -0.141073    2.592e+30       206000  -0.00105331 
     1.2e+06           90        3.105   0.00441107    -0.137738    2.592e+30       206000  -0.00060757 
     1.2e+06           10        3.726    0.0246616   -0.0911088    2.592e+30       206000  -0.00224688 
     1.2e+06           15        3.726    0.0243692   -0.0900496    2.592e+30       206000  -0.00219444 
     1.2e+06           20        3.726    0.0224379   -0.0888694    2.592e+30       206000  -0.00199404 
     1.2e+06           25        3.726    0.0252426   -0.0858748    2.592e+30       206000   -0.0021677 
     1.2e+06           30        3.726    0.0241524   -0.0842671    2.592e+30       206000  -0.00203525 
     1.2e+06           35        3.726     0.025205   -0.0819134    2.592e+30       206000  -0.00206462 
     1.2e+06           40        3.726     0.022466   -0.0801897    2.592e+30       206000  -0.00180154 
     1.2e+06           45        3.726    0.0198951   -0.0814661    2.592e+30       206000  -0.00162078 
     1.2e+06            5        3.726    0.0235697   -0.0628807    2.592e+30       206000  -0.00148208 
     1.2e+06           50        3.726    0.0176719    -0.079691    2.592e+30       206000  -0.00140829 
     1.2e+06           55        3.726    0.0168958   -0.0794851    2.592e+30       206000  -0.00134296 
     1.2e+06           60        3.726    0.0153039   -0.0774143    2.592e+30       206000  -0.00118474 
     1.2e+06           65        3.726    0.0138845   -0.0819047    2.592e+30       206000  -0.00113721 
     1.2e+06           70        3.726    0.0115765   -0.0775117    2.592e+30       206000 -0.000897313 
     1.2e+06           75        3.726     0.010249   -0.0831669    2.592e+30       206000 -0.000852378 
     1.2e+06           80        3.726   0.00988378   -0.0839327    2.592e+30       206000 -0.000829572 
     1.2e+06           85        3.726   0.00800258   -0.0799431    2.592e+30       206000 -0.000639751 
     1.2e+06           90        3.726   0.00472653   -0.0789438    2.592e+30       206000  -0.00037313 
     1.2e+06           10         4.14    0.0247469   -0.0352159    2.592e+30       206000 -0.000871487 
     1.2e+06           15         4.14    0.0244342   -0.0348135    2.592e+30       206000  -0.00085064 
     1.2e+06           20         4.14     0.022465    -0.034561    2.592e+30       206000 -0.000776412 
     1.2e+06           25         4.14    0.0252287   -0.0334387    2.592e+30       206000 -0.000843616 
     1.2e+06           30         4.14    0.0241263   -0.0328811    2.592e+30       206000 -0.000793297 
     1.2e+06           35         4.14    0.0253852   -0.0319096    2.592e+30       206000  -0.00081003 
     1.2e+06           40         4.14    0.0229626    -0.031376    2.592e+30       206000 -0.000720475 
     1.2e+06           45         4.14     0.020643   -0.0317163    2.592e+30       206000 -0.000654719 
     1.2e+06            5         4.14    0.0236529   -0.0249348    2.592e+30       206000 -0.000589781 
     1.2e+06           50         4.14    0.0185531   -0.0310811    2.592e+30       206000 -0.000576651 
     1.2e+06           55         4.14    0.0178122   -0.0310372    2.592e+30       206000 -0.000552842 
     1.2e+06           60         4.14    0.0161326   -0.0302206    2.592e+30       206000 -0.000487537 
     1.2e+06           65         4.14    0.0146319   -0.0319675    2.592e+30       206000 -0.000467746 
     1.2e+06           70         4.14    0.0121825   -0.0302649    2.592e+30       206000 -0.000368703 
     1.2e+06           75         4.14     0.010757   -0.0324189    2.592e+30       206000 -0.000348729 
     1.2e+06           80         4.14    0.0103473   -0.0327994    2.592e+30       206000 -0.000339386 
     1.2e+06           85         4.14   0.00835252     -0.03141    2.592e+30       206000 -0.000262353 
     1.2e+06           90         4.14   0.00491871   -0.0312068    2.592e+30       206000 -0.000153497 
     1.2e+06           10        4.554    0.0247424    0.0346816    2.592e+30       206000  0.000858104 
     1.2e+06           15        4.554    0.0243642    0.0345481    2.592e+30       206000  0.000841738 
     1.2e+06           20        4.554      0.02229    0.0343671    2.592e+30       206000  0.000766041 
     1.2e+06           25        4.554    0.0248834    0.0333207    2.592e+30       206000  0.000829135 
     1.2e+06           30        4.554    0.0237043    0.0327813    2.592e+30       206000  0.000777058 
     1.2e+06           35        4.554    0.0251742    0.0317816    2.592e+30       206000  0.000800074 
     1.2e+06           40        4.554    0.0232179    0.0313534    2.592e+30       206000  0.000727961 
     1.2e+06           45        4.554    0.0212923    0.0316283    2.592e+30       206000  0.000673441 
     1.2e+06            5        4.554    0.0236542    0.0252427    2.592e+30       206000  0.000597096 
     1.2e+06           50        4.554     0.019374    0.0310284    2.592e+30       206000  0.000601143 
     1.2e+06           55        4.554    0.0185268     0.030977    2.592e+30       206000  0.000573904 
     1.2e+06           60        4.554    0.0165464       0.0302    2.592e+30       206000  0.000499702 
     1.2e+06           65        4.554    0.0148311     0.031939    2.592e+30       206000   0.00047369 
     1.2e+06           70        4.554    0.0123298    0.0302622    2.592e+30       206000  0.000373126 
     1.2e+06           75        4.554    0.0110147    0.0323476    2.592e+30       206000  0.000356299 
     1.2e+06           80        4.554    0.0107335    0.0328153    2.592e+30       206000  0.000352223 
     1.2e+06           85        4.554   0.00872432    0.0315972    2.592e+30       206000  0.000275664 
     1.2e+06           90        4.554   0.00513468    0.0315455    2.592e+30       206000  0.000161976 
     1.2e+06           10        5.175    0.0245255     0.100297    2.592e+30       206000   0.00245985 
     1.2e+06           15        5.175    0.0240891     0.100569    2.592e+30       206000   0.00242261 
     1.2e+06           20        5.175    0.0219345    0.0991609    2.592e+30       206000   0.00217505 
     1.2e+06           25        5.175     0.024348    0.0961415    2.592e+30       206000   0.00234085 
     1.2e+06           30        5.175    0.0230672    0.0952708    2.592e+30       206000   0.00219763 
     1.2e+06           35        5.175    0.0243125    0.0922842    2.592e+30       206000   0.00224366 
     1.2e+06           40        5.175    0.0222381    0.0913514    2.592e+30       206000   0.00203148 
     1.2e+06           45        5.175    0.0202285    0.0918449    2.592e+30       206000   0.00185788 
     1.2e+06            5        5.175    0.0234521    0.0745308    2.592e+30       206000   0.00174791 
     1.2e+06           50        5.175    0.0183528    0.0904039    2.592e+30       206000   0.00165917 
     1.2e+06           55        5.175     0.017691    0.0902458    2.592e+30       206000   0.00159653 
     1.2e+06           60        5.175    0.0160402    0.0880893    2.592e+30       206000   0.00141297 
     1.2e+06           65        5.175    0.0145642    0.0930962    2.592e+30       206000   0.00135587 
     1.2e+06           70        5.175    0.0122058    0.0883649    2.592e+30       206000   0.00107856 
     1.2e+06           75        5.175    0.0109151    0.0941445    2.592e+30       206000    0.0010276 
     1.2e+06           80        5.175    0.0106283    0.0957834    2.592e+30       206000   0.00101802 
     1.2e+06           85        5.175   0.00862886    0.0928352    2.592e+30       206000  0.000801062 
     1.2e+06           90        5.175   0.00507169    0.0933591    2.592e+30       206000  0.000473488 
     1.2e+06           10        5.796    0.0247286     0.132797    2.592e+30       206000   0.00328389 
     1.2e+06           15        5.796    0.0241111     0.132426    2.592e+30       206000   0.00319293 
     1.2e+06           20        5.796    0.0216573     0.131334    2.592e+30       206000   0.00284435 
     1.2e+06           25        5.796    0.0236487      0.12772    2.592e+30       206000   0.00302041 
     1.2e+06           30        5.796     0.022068     0.126723    2.592e+30       206000   0.00279652 
     1.2e+06           35        5.796     0.022911     0.123005    2.592e+30       206000   0.00281816 
     1.2e+06           40        5.796    0.0206887     0.121978    2.592e+30       206000   0.00252357 
     1.2e+06           45        5.796    0.0185894     0.122306    2.592e+30       206000   0.00227359 
     1.2e+06            5        5.796    0.0236617     0.100515    2.592e+30       206000   0.00237835 
     1.2e+06           50        5.796    0.0167797      0.12062    2.592e+30       206000   0.00202397 
     1.2e+06           55        5.796    0.0163367       0.1205    2.592e+30       206000   0.00196857 
     1.2e+06           60        5.796    0.0151051     0.117786    2.592e+30       206000   0.00177916 
     1.2e+06           65        5.796    0.0139477     0.124389    2.592e+30       206000   0.00173494 
     1.2e+06           70        5.796    0.0118254     0.118306    2.592e+30       206000   0.00139901 
     1.2e+06           75        5.796    0.0106157     0.125561    2.592e+30       206000   0.00133292 
     1.2e+06           80        5.796     0.010352     0.128014    2.592e+30       206000    0.0013252 
     1.2e+06           85        5.796   0.00839259     0.124855    2.592e+30       206000   0.00104786 
     1.2e+06           90        5.796   0.00491261     0.126174    2.592e+30       206000  0.000619844 
     1.2e+06           10         6.21    0.0243344     0.144284    2.592e+30       206000   0.00351108 
     1.2e+06           15         6.21    0.0236767     0.142224    2.592e+30       206000    0.0033674 
     1.2e+06           20         6.21    0.0211837      0.14173    2.592e+30       206000   0.00300236 
     1.2e+06           25         6.21    0.0230221     0.138157    2.592e+30       206000   0.00318065 
     1.2e+06           30         6.21    0.0213811     0.137415    2.592e+30       206000   0.00293809 
     1.2e+06           35         6.21    0.0220222     0.133386    2.592e+30       206000   0.00293745 
     1.2e+06           40         6.21    0.0196962     0.132571    2.592e+30       206000   0.00261114 
     1.2e+06           45         6.21      0.01753     0.132959    2.592e+30       206000   0.00233077 
     1.2e+06            5         6.21    0.0232889     0.109834    2.592e+30       206000   0.00255792 
     1.2e+06           50         6.21    0.0157427     0.131014    2.592e+30       206000    0.0020625 
     1.2e+06           55         6.21    0.0153947     0.130921    2.592e+30       206000    0.0020155 
     1.2e+06           60         6.21    0.0143808      0.12807    2.592e+30       206000   0.00184175 
     1.2e+06           65         6.21    0.0133957     0.135236    2.592e+30       206000   0.00181158 
     1.2e+06           70         6.21    0.0114113     0.128826    2.592e+30       206000   0.00147007 
     1.2e+06           75         6.21    0.0102367     0.136454    2.592e+30       206000   0.00139684 
     1.2e+06           80         6.21   0.00996362     0.139232    2.592e+30       206000   0.00138726 
     1.2e+06           85         6.21   0.00807685     0.136256    2.592e+30       206000   0.00110052 
     1.2e+06           90         6.21   0.00473593     0.138156    2.592e+30       206000  0.000654297 
     1.2e+06           10        6.831    0.0237824     0.134544    2.592e+30       206000   0.00319978 
     1.2e+06           15        6.831    0.0230746     0.131922    2.592e+30       206000   0.00304406 
     1.2e+06           20        6.831    0.0205365     0.130949    2.592e+30       206000   0.00268924 
     1.2e+06           25        6.831    0.0221774      0.12773    2.592e+30       206000   0.00283272 
     1.2e+06           30        6.831    0.0204651      0.12748    2.592e+30       206000   0.00260888 
     1.2e+06           35        6.831    0.0208515     0.123954    2.592e+30       206000   0.00258463 
     1.2e+06           40        6.831    0.0184037     0.123392    2.592e+30       206000   0.00227087 
     1.2e+06           45        6.831    0.0161655     0.123704    2.592e+30       206000   0.00199973 
     1.2e+06            5        6.831    0.0227663     0.103052    2.592e+30       206000   0.00234612 
     1.2e+06           50        6.831    0.0144144     0.122125    2.592e+30       206000   0.00176036 
     1.2e+06           55        6.831    0.0141825     0.121901    2.592e+30       206000   0.00172887 
     1.2e+06           60        6.831    0.0134374     0.119464    2.592e+30       206000   0.00160528 
     1.2e+06           65        6.831    0.0126692     0.126014    2.592e+30       206000   0.00159649 
     1.2e+06           70        6.831    0.0108629     0.120363    2.592e+30       206000   0.00130749 
     1.2e+06           75        6.831   0.00973514     0.127096    2.592e+30       206000    0.0012373 
     1.2e+06           80        6.831   0.00945083     0.129821    2.592e+30       206000   0.00122692 
     1.2e+06           85        6.831   0.00763837     0.127614    2.592e+30       206000   0.00097476 
     1.2e+06           90        6.831   0.00446614     0.129805    2.592e+30       206000  0.000579727 
     1.2e+06           10        7.659    0.0231297      0.12501    2.592e+30       206000   0.00289145 
     1.2e+06           15        7.659    0.0222944     0.122582    2.592e+30       206000   0.00273289 
     1.2e+06           20        7.659     0.019599      0.12254    2.592e+30       206000   0.00240166 
     1.2e+06           25        7.659    0.0208521     0.119502    2.592e+30       206000   0.00249187 
     1.2e+06           30        7.659    0.0190262     0.119612    2.592e+30       206000   0.00227576 
     1.2e+06           35        7.659    0.0195664     0.116096    2.592e+30       206000   0.00227157 
     1.2e+06           40        7.659    0.0177287      0.11592    2.592e+30       206000   0.00205512 
     1.2e+06           45        7.659    0.0160033     0.116285    2.592e+30       206000   0.00186094 
     1.2e+06            5        7.659    0.0221545    0.0981311    2.592e+30       206000   0.00217405 
     1.2e+06           50        7.659    0.0145069       0.1152    2.592e+30       206000   0.00167119 
     1.2e+06           55        7.659    0.0141693     0.115229    2.592e+30       206000   0.00163272 
     1.2e+06           60        7.659     0.013138     0.113186    2.592e+30       206000   0.00148703 
     1.2e+06           65        7.659    0.0121573      0.11902    2.592e+30       206000   0.00144696 
     1.2e+06           70        7.659    0.0102845     0.114143    2.592e+30       206000   0.00117391 
     1.2e+06           75        7.659    0.0091642     0.119957    2.592e+30       206000   0.00109931 
     1.2e+06           80        7.659    0.0088695     0.122605    2.592e+30       206000   0.00108745 
     1.2e+06           85        7.659   0.00713888     0.121124    2.592e+30       206000  0.000864692 
     1.2e+06           90        7.659   0.00415518     0.123538    2.592e+30       206000  0.000513324 
     1.2e+06           10         8.28    0.0226916     0.130546    2.592e+30       206000   0.00296231 
     1.2e+06           15         8.28    0.0217353      0.12817    2.592e+30       206000   0.00278582 
     1.2e+06           20         8.28    0.0188826     0.128242    2.592e+30       206000   0.00242154 
     1.2e+06           25         8.28    0.0198043     0.125559    2.592e+30       206000   0.00248661 
     1.2e+06           30         8.28    0.0178441     0.125735    2.592e+30       206000   0.00224364 
     1.2e+06           35         8.28    0.0182245      0.12199    2.592e+30       206000    0.0022232 
     1.2e+06           40         8.28    0.0165001     0.122147    2.592e+30       206000   0.00201543 
     1.2e+06           45         8.28    0.0148922     0.122509    2.592e+30       206000   0.00182444 
     1.2e+06            5         8.28    0.0217471     0.104205    2.592e+30       206000   0.00226616 
     1.2e+06           50         8.28    0.0134889     0.121626    2.592e+30       206000    0.0016406 
     1.2e+06           55         8.28    0.0131474     0.121671    2.592e+30       206000   0.00159966 
     1.2e+06           60         8.28    0.0121539     0.119654    2.592e+30       206000   0.00145426 
     1.2e+06           65         8.28    0.0112186     0.125633    2.592e+30       206000   0.00140942 
     1.2e+06           70         8.28   0.00948427     0.120737    2.592e+30       206000    0.0011451 
     1.2e+06           75         8.28    0.0084657     0.126512    2.592e+30       206000   0.00107101 
     1.2e+06           80         8.28   0.00820999     0.129346    2.592e+30       206000   0.00106193 
     1.2e+06           85         8.28   0.00662879     0.128158    2.592e+30       206000  0.000849534 
     1.2e+06           90         8.28   0.00387271     0.130945    2.592e+30       206000  0.000507111 
     1.2e+06           10        8.694    0.0221386     0.133576    2.592e+30       206000    0.0029572 
     1.2e+06           15        8.694    0.0211549     0.131708    2.592e+30       206000   0.00278628 
     1.2e+06           20        8.694    0.0182951     0.132096    2.592e+30       206000   0.00241671 
     1.2e+06           25        8.694    0.0190829     0.129225    2.592e+30       206000   0.00246599 
     1.2e+06           30        8.694    0.0171112     0.129691    2.592e+30       206000   0.00221917 
     1.2e+06           35        8.694    0.0174291     0.125885    2.592e+30       206000   0.00219406 
     1.2e+06           40        8.694    0.0157747     0.126094    2.592e+30       206000   0.00198909 
     1.2e+06           45        8.694    0.0142363     0.126477    2.592e+30       206000   0.00180057 
     1.2e+06            5        8.694    0.0212217      0.10813    2.592e+30       206000    0.0022947 
     1.2e+06           50        8.694    0.0128868     0.125655    2.592e+30       206000   0.00161929 
     1.2e+06           55        8.694    0.0125394     0.125748    2.592e+30       206000    0.0015768 
     1.2e+06           60        8.694    0.0115638     0.123766    2.592e+30       206000    0.0014312 
     1.2e+06           65        8.694    0.0106523     0.129829    2.592e+30       206000   0.00138297 
     1.2e+06           70        8.694   0.00899884     0.124983    2.592e+30       206000   0.00112471 
     1.2e+06           75        8.694   0.00803984     0.130726    2.592e+30       206000   0.00105102 
     1.2e+06           80        8.694   0.00780619     0.133646    2.592e+30       206000   0.00104327 
     1.2e+06           85        8.694   0.00631518     0.132639    2.592e+30       206000  0.000837642 
     1.2e+06           90        8.694   0.00369846      0.13561    2.592e+30       206000  0.000501547 
     1.2e+06           10        9.315    0.0212943     0.129357    2.592e+30       206000   0.00275456 
     1.2e+06           15        9.315    0.0202892     0.128341    2.592e+30       206000   0.00260393 
     1.2e+06           20        9.315      0.01745     0.129327    2.592e+30       206000   0.00225675 
     1.2e+06           25        9.315    0.0180803     0.126494    2.592e+30       206000   0.00228704 
     1.2e+06           30        9.315     0.016117     0.127346    2.592e+30       206000   0.00205244 
     1.2e+06           35        9.315    0.0163627     0.123628    2.592e+30       206000   0.00202289 
     1.2e+06           40        9.315    0.0148034     0.124136    2.592e+30       206000   0.00183763 
     1.2e+06           45        9.315    0.0133581     0.124529    2.592e+30       206000   0.00166348 
     1.2e+06            5        9.315    0.0204177     0.107233    2.592e+30       206000   0.00218945 
     1.2e+06           50        9.315    0.0120812     0.123856    2.592e+30       206000   0.00149634 
     1.2e+06           55        9.315    0.0117276     0.123994    2.592e+30       206000   0.00145415 
     1.2e+06           60        9.315    0.0107782     0.122238    2.592e+30       206000    0.0013175 
     1.2e+06           65        9.315   0.00990026      0.12799    2.592e+30       206000   0.00126713 
     1.2e+06           70        9.315   0.00835474     0.123514    2.592e+30       206000   0.00103193 
     1.2e+06           75        9.315   0.00747417     0.128809    2.592e+30       206000  0.000962742 
     1.2e+06           80        9.315   0.00726906     0.131669    2.592e+30       206000  0.000957113 
     1.2e+06           85        9.315   0.00587779     0.130987    2.592e+30       206000  0.000769916 
     1.2e+06           90        9.315   0.00343332     0.133934    2.592e+30       206000  0.000459837 
     1.2e+06           10        9.729    0.0208432     0.116971    2.592e+30       206000   0.00243804 
     1.2e+06           15        9.729    0.0198159     0.116508    2.592e+30       206000   0.00230872 
     1.2e+06           20        9.729    0.0169721     0.117141    2.592e+30       206000   0.00198812 
     1.2e+06           25        9.729    0.0174965     0.114841    2.592e+30       206000   0.00200931 
     1.2e+06           30        9.729    0.0155274     0.115603    2.592e+30       206000   0.00179502 
     1.2e+06           35        9.729     0.015725     0.112259    2.592e+30       206000   0.00176528 
     1.2e+06           40        9.729    0.0142221     0.112801    2.592e+30       206000   0.00160427 
     1.2e+06           45        9.729    0.0128327     0.113153    2.592e+30       206000   0.00145206 
     1.2e+06            5        9.729     0.019989    0.0978895    2.592e+30       206000   0.00195672 
     1.2e+06           50        9.729    0.0115996     0.112601    2.592e+30       206000   0.00130613 
     1.2e+06           55        9.729    0.0112432     0.112845    2.592e+30       206000   0.00126874 
     1.2e+06           60        9.729    0.0103108      0.11136    2.592e+30       206000   0.00114821 
     1.2e+06           65        9.729   0.00945382     0.116408    2.592e+30       206000    0.0011005 
     1.2e+06           70        9.729    0.0079727     0.112516    2.592e+30       206000  0.000897056 
     1.2e+06           75        9.729   0.00713828     0.117137    2.592e+30       206000  0.000836157 
     1.2e+06           80        9.729   0.00694969     0.119715    2.592e+30       206000   0.00083198 
     1.2e+06           85        9.729   0.00561783     0.119259    2.592e+30       206000  0.000669977 
     1.2e+06           90        9.729   0.00327607     0.121927    2.592e+30       206000  0.000399443 
     1.2e+06           10        10.35    0.0202237    0.0993542    2.592e+30       206000   0.00200931 
     1.2e+06           15        10.35    0.0192322    0.0987059    2.592e+30       206000   0.00189833 
     1.2e+06           20        10.35    0.0164806    0.0996468    2.592e+30       206000   0.00164224 
     1.2e+06           25        10.35    0.0170005    0.0975204    2.592e+30       206000    0.0016579 
     1.2e+06           30        10.35    0.0150982    0.0982715    2.592e+30       206000   0.00148372 
     1.2e+06           35        10.35    0.0153214    0.0956545    2.592e+30       206000   0.00146556 
     1.2e+06           40        10.35    0.0138965    0.0962372    2.592e+30       206000   0.00133736 
     1.2e+06           45        10.35    0.0125746    0.0966419    2.592e+30       206000   0.00121524 
     1.2e+06            5        10.35    0.0193945    0.0841003    2.592e+30       206000   0.00163108 
     1.2e+06           50        10.35    0.0113536    0.0963453    2.592e+30       206000   0.00109386 
     1.2e+06           55        10.35    0.0109036    0.0965573    2.592e+30       206000   0.00105282 
     1.2e+06           60        10.35   0.00985354     0.095376    2.592e+30       206000  0.000939792 
     1.2e+06           65        10.35   0.00892252    0.0995511    2.592e+30       206000  0.000888247 
     1.2e+06           70        10.35   0.00746927    0.0964087    2.592e+30       206000  0.000720103 
     1.2e+06           75        10.35   0.00668613     0.100145    2.592e+30       206000   0.00066958 
     1.2e+06           80        10.35   0.00651922     0.102289    2.592e+30       206000  0.000666843 
     1.2e+06           85        10.35    0.0052676     0.102061    2.592e+30       206000  0.000537618 
     1.2e+06           90        10.35   0.00306464     0.104297    2.592e+30       206000  0.000319634 
