     1.7e+06           10         2.07    0.0165789      0.17855   7.3695e+30       206000   0.00296017 
     1.7e+06           15         2.07    0.0160187     0.283647   7.3695e+30       206000   0.00454364 
     1.7e+06           20         2.07    0.0148811     0.314085   7.3695e+30       206000   0.00467393 
     1.7e+06           25         2.07    0.0149423     0.331168   7.3695e+30       206000   0.00494841 
     1.7e+06           30         2.07    0.0147399     0.340187   7.3695e+30       206000   0.00501432 
     1.7e+06           35         2.07    0.0124496     0.345275   7.3695e+30       206000   0.00429855 
     1.7e+06           40         2.07    0.0117014     0.346866   7.3695e+30       206000   0.00405883 
     1.7e+06           45         2.07    0.0111015     0.349329   7.3695e+30       206000   0.00387808 
     1.7e+06            5         2.07    0.0159814    0.0549954   7.3695e+30       206000  0.000878904 
     1.7e+06           50         2.07   0.00909717     0.352162   7.3695e+30       206000   0.00320367 
     1.7e+06           55         2.07   0.00831297     0.353189   7.3695e+30       206000   0.00293605 
     1.7e+06           60         2.07   0.00713444     0.353528   7.3695e+30       206000   0.00252222 
     1.7e+06           65         2.07   0.00687193     0.353708   7.3695e+30       206000   0.00243066 
     1.7e+06           70         2.07    0.0054241     0.354145   7.3695e+30       206000   0.00192092 
     1.7e+06           75         2.07   0.00487654      0.35416   7.3695e+30       206000   0.00172708 
     1.7e+06           80         2.07   0.00361557     0.354701   7.3695e+30       206000   0.00128245 
     1.7e+06           85         2.07   0.00365985     0.355039   7.3695e+30       206000   0.00129939 
     1.7e+06           90         2.07   0.00204584     0.354228   7.3695e+30       206000  0.000724694 
     1.7e+06           10        2.484    0.0164956     0.127113   7.3695e+30       206000   0.00209682 
     1.7e+06           15        2.484    0.0164436     0.201594   7.3695e+30       206000   0.00331494 
     1.7e+06           20        2.484    0.0160787     0.222842   7.3695e+30       206000   0.00358301 
     1.7e+06           25        2.484    0.0172033     0.234837   7.3695e+30       206000   0.00403998 
     1.7e+06           30        2.484    0.0176845     0.241078   7.3695e+30       206000   0.00426334 
     1.7e+06           35        2.484    0.0150912     0.244735   7.3695e+30       206000   0.00369336 
     1.7e+06           40        2.484    0.0140999     0.245865   7.3695e+30       206000   0.00346668 
     1.7e+06           45        2.484     0.013302     0.247609   7.3695e+30       206000    0.0032937 
     1.7e+06            5        2.484     0.015817     0.038982   7.3695e+30       206000  0.000616576 
     1.7e+06           50        2.484    0.0108161     0.249618   7.3695e+30       206000   0.00269989 
     1.7e+06           55        2.484   0.00981562     0.250346   7.3695e+30       206000    0.0024573 
     1.7e+06           60        2.484   0.00836751     0.250591   7.3695e+30       206000   0.00209682 
     1.7e+06           65        2.484   0.00801792     0.250718   7.3695e+30       206000   0.00201023 
     1.7e+06           70        2.484   0.00631794     0.251026   7.3695e+30       206000   0.00158597 
     1.7e+06           75        2.484   0.00567436     0.251038   7.3695e+30       206000   0.00142448 
     1.7e+06           80        2.484   0.00415637     0.251427   7.3695e+30       206000   0.00104502 
     1.7e+06           85        2.484    0.0041086     0.251667   7.3695e+30       206000     0.001034 
     1.7e+06           90        2.484   0.00227011     0.251085   7.3695e+30       206000  0.000569992 
     1.7e+06           10        8.694     0.015751   -0.0616713   7.3695e+30       206000 -0.000971382 
     1.7e+06           15        8.694    0.0150257   -0.0980401   7.3695e+30       206000  -0.00147312 
     1.7e+06           20        8.694     0.013665    -0.108639   7.3695e+30       206000  -0.00148456 
     1.7e+06           25        8.694    0.0133631    -0.114573   7.3695e+30       206000  -0.00153106 
     1.7e+06           30        8.694    0.0129577    -0.117724   7.3695e+30       206000  -0.00152544 
     1.7e+06           35        8.694    0.0109034    -0.119474   7.3695e+30       206000  -0.00130268 
     1.7e+06           40        8.694    0.0102837    -0.120024   7.3695e+30       206000   -0.0012343 
     1.7e+06           45        8.694   0.00979545    -0.120878   7.3695e+30       206000  -0.00118406 
     1.7e+06            5        8.694    0.0152163   -0.0190296   7.3695e+30       206000 -0.000289562 
     1.7e+06           50        8.694   0.00809358    -0.121857   7.3695e+30       206000 -0.000986263 
     1.7e+06           55        8.694   0.00746184    -0.122213   7.3695e+30       206000 -0.000911931 
     1.7e+06           60        8.694   0.00645946    -0.122327   7.3695e+30       206000 -0.000790168 
     1.7e+06           65        8.694   0.00625316     -0.12239   7.3695e+30       206000 -0.000765323 
     1.7e+06           70        8.694   0.00493122    -0.122542   7.3695e+30       206000 -0.000604282 
     1.7e+06           75        8.694   0.00442502    -0.122548   7.3695e+30       206000 -0.000542278 
     1.7e+06           80        8.694   0.00317791    -0.122743   7.3695e+30       206000 -0.000390068 
     1.7e+06           85        8.694   0.00301808    -0.122862   7.3695e+30       206000 -0.000370807 
     1.7e+06           90        8.694   0.00163439    -0.122571   7.3695e+30       206000 -0.000200328 
     1.7e+06           10        4.554    0.0188969   -0.0609307   7.3695e+30       206000   -0.0011514 
     1.7e+06           15        4.554     0.018775   -0.0966496   7.3695e+30       206000   -0.0018146 
     1.7e+06           20        4.554      0.01826    -0.106856   7.3695e+30       206000  -0.00195118 
     1.7e+06           25        4.554    0.0194076    -0.112614   7.3695e+30       206000  -0.00218556 
     1.7e+06           30        4.554    0.0199568    -0.115624   7.3695e+30       206000  -0.00230749 
     1.7e+06           35        4.554    0.0172104     -0.11737   7.3695e+30       206000  -0.00201999 
     1.7e+06           40        4.554    0.0163711     -0.11791   7.3695e+30       206000  -0.00193033 
     1.7e+06           45        4.554    0.0156798    -0.118745   7.3695e+30       206000  -0.00186191 
     1.7e+06            5        4.554    0.0181296   -0.0186943   7.3695e+30       206000 -0.000338919 
     1.7e+06           50        4.554    0.0129364    -0.119709   7.3695e+30       206000   -0.0015486 
     1.7e+06           55        4.554    0.0118521    -0.120058   7.3695e+30       206000  -0.00142293 
     1.7e+06           60        4.554    0.0101957    -0.120172   7.3695e+30       206000  -0.00122524 
     1.7e+06           65        4.554   0.00982604    -0.120233   7.3695e+30       206000  -0.00118142 
     1.7e+06           70        4.554   0.00774189    -0.120382   7.3695e+30       206000 -0.000931986 
     1.7e+06           75        4.554   0.00694553    -0.120388   7.3695e+30       206000  -0.00083616 
     1.7e+06           80        4.554   0.00502923    -0.120578   7.3695e+30       206000 -0.000606413 
     1.7e+06           85        4.554   0.00486093    -0.120694   7.3695e+30       206000 -0.000586683 
     1.7e+06           90        4.554   0.00265587    -0.120411   7.3695e+30       206000 -0.000319795 
     1.7e+06           10         6.21    0.0180596   -0.0732329   7.3695e+30       206000  -0.00132255 
     1.7e+06           15         6.21    0.0176572    -0.116264   7.3695e+30       206000   -0.0020529 
     1.7e+06           20         6.21    0.0167275    -0.128655   7.3695e+30       206000  -0.00215208 
     1.7e+06           25         6.21    0.0172094    -0.135625   7.3695e+30       206000  -0.00233402 
     1.7e+06           30         6.21    0.0171653    -0.139273   7.3695e+30       206000  -0.00239065 
     1.7e+06           35         6.21    0.0143787    -0.141375   7.3695e+30       206000  -0.00203278 
     1.7e+06           40         6.21    0.0132381    -0.142028   7.3695e+30       206000  -0.00188019 
     1.7e+06           45         6.21    0.0124266    -0.143055   7.3695e+30       206000  -0.00177768 
     1.7e+06            5         6.21    0.0173736   -0.0225191   7.3695e+30       206000 -0.000391238 
     1.7e+06           50         6.21    0.0103802    -0.144209   7.3695e+30       206000  -0.00149692 
     1.7e+06           55         6.21   0.00982689    -0.144628   7.3695e+30       206000  -0.00142124 
     1.7e+06           60         6.21   0.00873216    -0.144754   7.3695e+30       206000  -0.00126402 
     1.7e+06           65         6.21    0.0085851    -0.144828   7.3695e+30       206000  -0.00124336 
     1.7e+06           70         6.21   0.00675601    -0.145012   7.3695e+30       206000 -0.000979704 
     1.7e+06           75         6.21   0.00603183    -0.145022   7.3695e+30       206000 -0.000874745 
     1.7e+06           80         6.21   0.00432994     -0.14525   7.3695e+30       206000 -0.000628923 
     1.7e+06           85         6.21   0.00413753     -0.14539   7.3695e+30       206000 -0.000601555 
     1.7e+06           90         6.21   0.00224772    -0.145047   7.3695e+30       206000 -0.000326025 
     1.7e+06           10         8.28    0.0161365   -0.0697022   7.3695e+30       206000  -0.00112475 
     1.7e+06           15         8.28    0.0154274    -0.110794   7.3695e+30       206000  -0.00170926 
     1.7e+06           20         8.28    0.0140821    -0.122756   7.3695e+30       206000  -0.00172867 
     1.7e+06           25         8.28    0.0138343    -0.129456   7.3695e+30       206000  -0.00179094 
     1.7e+06           30         8.28    0.0134574    -0.133011   7.3695e+30       206000  -0.00178999 
     1.7e+06           35         8.28    0.0113373     -0.13499   7.3695e+30       206000  -0.00153042 
     1.7e+06           40         8.28    0.0106948    -0.135612   7.3695e+30       206000  -0.00145034 
     1.7e+06           45         8.28     0.010194    -0.136578   7.3695e+30       206000  -0.00139228 
     1.7e+06            5         8.28    0.0155829    -0.021501   7.3695e+30       206000 -0.000335049 
     1.7e+06           50         8.28   0.00844837    -0.137684   7.3695e+30       206000   -0.0011632 
     1.7e+06           55         8.28   0.00781865    -0.138085   7.3695e+30       206000  -0.00107964 
     1.7e+06           60         8.28   0.00679346    -0.138213   7.3695e+30       206000 -0.000938946 
     1.7e+06           65         8.28   0.00658916    -0.138284   7.3695e+30       206000 -0.000911174 
     1.7e+06           70         8.28   0.00519188    -0.138456   7.3695e+30       206000 -0.000718849 
     1.7e+06           75         8.28   0.00465298    -0.138464   7.3695e+30       206000  -0.00064427 
     1.7e+06           80         8.28   0.00334589    -0.138683   7.3695e+30       206000 -0.000464019 
     1.7e+06           85         8.28   0.00319181    -0.138817   7.3695e+30       206000 -0.000443077 
     1.7e+06           90         8.28   0.00173241    -0.138489   7.3695e+30       206000  -0.00023992 
     1.7e+06           10        7.659    0.0168378   -0.0756125   7.3695e+30       206000  -0.00127315 
     1.7e+06           15        7.659    0.0161685     -0.12016   7.3695e+30       206000   -0.0019428 
     1.7e+06           20        7.659    0.0148666      -0.1331   7.3695e+30       206000  -0.00197874 
     1.7e+06           25        7.659     0.014738    -0.140355   7.3695e+30       206000  -0.00206855 
     1.7e+06           30        7.659    0.0144265    -0.144197   7.3695e+30       206000  -0.00208025 
     1.7e+06           35        7.659    0.0121805    -0.146346   7.3695e+30       206000  -0.00178257 
     1.7e+06           40        7.659    0.0114922     -0.14702   7.3695e+30       206000  -0.00168958 
     1.7e+06           45        7.659    0.0109613    -0.148069   7.3695e+30       206000  -0.00162303 
     1.7e+06            5        7.659    0.0162481   -0.0233098   7.3695e+30       206000  -0.00037874 
     1.7e+06           50        7.659   0.00911032    -0.149267   7.3695e+30       206000  -0.00135987 
     1.7e+06           55        7.659   0.00846168    -0.149702   7.3695e+30       206000  -0.00126673 
     1.7e+06           60        7.659   0.00737782     -0.14984   7.3695e+30       206000  -0.00110549 
     1.7e+06           65        7.659    0.0071659    -0.149916   7.3695e+30       206000  -0.00107428 
     1.7e+06           70        7.659   0.00563738    -0.150104   7.3695e+30       206000 -0.000846193 
     1.7e+06           75        7.659   0.00504195    -0.150113   7.3695e+30       206000 -0.000756861 
     1.7e+06           80        7.659     0.003633    -0.150349   7.3695e+30       206000 -0.000546218 
     1.7e+06           85        7.659    0.0034905    -0.150494   7.3695e+30       206000 -0.000525299 
     1.7e+06           90        7.659   0.00190142     -0.15014   7.3695e+30       206000 -0.000285479 
     1.7e+06           10        3.726    0.0190507   0.00633156   7.3695e+30       206000   0.00012062 
     1.7e+06           15        3.726    0.0190429      0.01004   7.3695e+30       206000   0.00019119 
     1.7e+06           20        3.726    0.0187035    0.0110965   7.3695e+30       206000  0.000207544 
     1.7e+06           25        3.726    0.0201224    0.0116933   7.3695e+30       206000  0.000235297 
     1.7e+06           30        3.726    0.0208366    0.0120042   7.3695e+30       206000  0.000250126 
     1.7e+06           35        3.726    0.0179652    0.0121861   7.3695e+30       206000  0.000218924 
     1.7e+06           40        3.726    0.0170151    0.0122422   7.3695e+30       206000  0.000208302 
     1.7e+06           45        3.726    0.0162256    0.0123288   7.3695e+30       206000  0.000200042 
     1.7e+06            5        3.726    0.0182584   0.00194096   7.3695e+30       206000  3.54388e-05 
     1.7e+06           50        3.726    0.0132904    0.0124288   7.3695e+30       206000  0.000165183 
     1.7e+06           55        3.726    0.0120902    0.0124651   7.3695e+30       206000  0.000150705 
     1.7e+06           60        3.726     0.010327    0.0124772   7.3695e+30       206000  0.000128852 
     1.7e+06           65        3.726    0.0098667    0.0124834   7.3695e+30       206000   0.00012317 
     1.7e+06           70        3.726   0.00771206    0.0124988   7.3695e+30       206000  9.63919e-05 
     1.7e+06           75        3.726   0.00686677    0.0124997   7.3695e+30       206000  8.58329e-05 
     1.7e+06           80        3.726    0.0049636    0.0125191   7.3695e+30       206000  6.21398e-05 
     1.7e+06           85        3.726   0.00483066    0.0125311   7.3695e+30       206000  6.05336e-05 
     1.7e+06           90        3.726   0.00264865    0.0125019   7.3695e+30       206000   3.3113e-05 
     1.7e+06           10        3.105    0.0186629    0.0639181   7.3695e+30       206000    0.0011929 
     1.7e+06           15        3.105    0.0186643     0.101353   7.3695e+30       206000   0.00189167 
     1.7e+06           20        3.105    0.0183459     0.112016   7.3695e+30       206000   0.00205503 
     1.7e+06           25        3.105    0.0197568     0.118038   7.3695e+30       206000   0.00233206 
     1.7e+06           30        3.105    0.0203417     0.121161   7.3695e+30       206000   0.00246463 
     1.7e+06           35        3.105    0.0172651     0.123006   7.3695e+30       206000   0.00212371 
     1.7e+06           40        3.105    0.0159657     0.123574   7.3695e+30       206000   0.00197295 
     1.7e+06           45        3.105    0.0149602     0.124456   7.3695e+30       206000   0.00186188 
     1.7e+06            5        3.105    0.0178853     0.019593   7.3695e+30       206000  0.000350427 
     1.7e+06           50        3.105    0.0121839     0.125464   7.3695e+30       206000   0.00152864 
     1.7e+06           55        3.105    0.0111398      0.12583   7.3695e+30       206000   0.00140172 
     1.7e+06           60        3.105   0.00956539      0.12595   7.3695e+30       206000   0.00120476 
     1.7e+06           65        3.105   0.00916063     0.126012   7.3695e+30       206000   0.00115435 
     1.7e+06           70        3.105   0.00714641     0.126169   7.3695e+30       206000  0.000901658 
     1.7e+06           75        3.105   0.00634665     0.126179   7.3695e+30       206000  0.000800816 
     1.7e+06           80        3.105   0.00460386     0.126372   7.3695e+30       206000    0.0005818 
     1.7e+06           85        3.105   0.00452999     0.126493   7.3695e+30       206000  0.000573013 
     1.7e+06           90        3.105   0.00249747       0.1262   7.3695e+30       206000  0.000315181 
     1.7e+06           10        5.796    0.0183666   -0.0782745   7.3695e+30       206000  -0.00143764 
     1.7e+06           15        5.796    0.0180032    -0.124251   7.3695e+30       206000  -0.00223692 
     1.7e+06           20        5.796    0.0171268    -0.137474   7.3695e+30       206000  -0.00235448 
     1.7e+06           25        5.796    0.0177117    -0.144916   7.3695e+30       206000   -0.0025667 
     1.7e+06           30        5.796    0.0177115    -0.148803   7.3695e+30       206000  -0.00263552 
     1.7e+06           35        5.796    0.0148182    -0.151052   7.3695e+30       206000  -0.00223832 
     1.7e+06           40        5.796    0.0135937    -0.151751   7.3695e+30       206000  -0.00206285 
     1.7e+06           45        5.796    0.0127306    -0.152851   7.3695e+30       206000  -0.00194588 
     1.7e+06            5        5.796    0.0176614   -0.0240609   7.3695e+30       206000 -0.000424948 
     1.7e+06           50        5.796    0.0106439    -0.154083   7.3695e+30       206000  -0.00164004 
     1.7e+06           55        5.796    0.0101069    -0.154531   7.3695e+30       206000  -0.00156182 
     1.7e+06           60        5.796   0.00900831    -0.154664   7.3695e+30       206000  -0.00139326 
     1.7e+06           65        5.796   0.00888405    -0.154744   7.3695e+30       206000  -0.00137475 
     1.7e+06           70        5.796   0.00700714    -0.154941   7.3695e+30       206000  -0.00108569 
     1.7e+06           75        5.796   0.00626879    -0.154949   7.3695e+30       206000 -0.000971346 
     1.7e+06           80        5.796   0.00451693    -0.155194   7.3695e+30       206000 -0.000700998 
     1.7e+06           85        5.796   0.00433789    -0.155343   7.3695e+30       206000  -0.00067386 
     1.7e+06           90        5.796   0.00236251    -0.154977   7.3695e+30       206000 -0.000366136 
     1.7e+06           10        6.831    0.0176271   -0.0715063   7.3695e+30       206000  -0.00126045 
     1.7e+06           15        6.831    0.0170788    -0.113579   7.3695e+30       206000  -0.00193979 
     1.7e+06           20        6.831    0.0159393    -0.125747   7.3695e+30       206000  -0.00200432 
     1.7e+06           25        6.831    0.0160966     -0.13258   7.3695e+30       206000  -0.00213409 
     1.7e+06           30        6.831    0.0159575    -0.136186   7.3695e+30       206000   -0.0021732 
     1.7e+06           35        6.831    0.0135326    -0.138224   7.3695e+30       206000  -0.00187054 
     1.7e+06           40        6.831    0.0127713    -0.138861   7.3695e+30       206000  -0.00177344 
     1.7e+06           45        6.831    0.0121932    -0.139853   7.3695e+30       206000  -0.00170525 
     1.7e+06            5        6.831    0.0169838   -0.0220161   7.3695e+30       206000 -0.000373917 
     1.7e+06           50        6.831    0.0101769    -0.140985   7.3695e+30       206000  -0.00143478 
     1.7e+06           55        6.831   0.00950242    -0.141395   7.3695e+30       206000  -0.00134359 
     1.7e+06           60        6.831   0.00832769    -0.141523   7.3695e+30       206000  -0.00117856 
     1.7e+06           65        6.831   0.00810493    -0.141595   7.3695e+30       206000  -0.00114762 
     1.7e+06           70        6.831    0.0063613    -0.141773   7.3695e+30       206000 -0.000901862 
     1.7e+06           75        6.831   0.00567242    -0.141783   7.3695e+30       206000 -0.000804252 
     1.7e+06           80        6.831   0.00406098    -0.142006   7.3695e+30       206000 -0.000576685 
     1.7e+06           85        6.831   0.00386531    -0.142143   7.3695e+30       206000 -0.000549428 
     1.7e+06           90        6.831   0.00209568    -0.141807   7.3695e+30       206000 -0.000297182 
     1.7e+06           10        5.175    0.0188588   -0.0816705   7.3695e+30       206000  -0.00154021 
     1.7e+06           15        5.175    0.0185669    -0.129611   7.3695e+30       206000  -0.00240647 
     1.7e+06           20        5.175    0.0177904     -0.14337   7.3695e+30       206000   -0.0025506 
     1.7e+06           25        5.175    0.0185626    -0.151119   7.3695e+30       206000  -0.00280516 
     1.7e+06           30        5.175    0.0187657    -0.155174   7.3695e+30       206000  -0.00291194 
     1.7e+06           35        5.175     0.015929    -0.157516   7.3695e+30       206000  -0.00250907 
     1.7e+06           40        5.175    0.0148889    -0.158242   7.3695e+30       206000  -0.00235606 
     1.7e+06           45        5.175    0.0141127    -0.159377   7.3695e+30       206000  -0.00224924 
     1.7e+06            5        5.175    0.0181212   -0.0250894   7.3695e+30       206000 -0.000454649 
     1.7e+06           50        5.175    0.0117443    -0.160665   7.3695e+30       206000   -0.0018869 
     1.7e+06           55        5.175    0.0109789    -0.161133   7.3695e+30       206000  -0.00176907 
     1.7e+06           60        5.175   0.00963553    -0.161278   7.3695e+30       206000    -0.001554 
     1.7e+06           65        5.175   0.00941807    -0.161361   7.3695e+30       206000  -0.00151971 
     1.7e+06           70        5.175   0.00744006    -0.161564   7.3695e+30       206000  -0.00120205 
     1.7e+06           75        5.175   0.00667839    -0.161572   7.3695e+30       206000  -0.00107904 
     1.7e+06           80        5.175    0.0048232    -0.161827   7.3695e+30       206000 -0.000780526 
     1.7e+06           85        5.175   0.00463288    -0.161983   7.3695e+30       206000 -0.000750448 
     1.7e+06           90        5.175   0.00252333    -0.161602   7.3695e+30       206000 -0.000407775 
     1.7e+06           10        10.35    0.0144495   -0.0184935   7.3695e+30       206000 -0.000267222 
     1.7e+06           15        10.35    0.0136909   -0.0294105   7.3695e+30       206000 -0.000402656 
     1.7e+06           20        10.35    0.0123099   -0.0326028   7.3695e+30       206000 -0.000401337 
     1.7e+06           25        10.35    0.0118683   -0.0343876   7.3695e+30       206000 -0.000408123 
     1.7e+06           30        10.35    0.0113808    -0.035337   7.3695e+30       206000 -0.000402163 
     1.7e+06           35        10.35   0.00951112   -0.0358611   7.3695e+30       206000 -0.000341079 
     1.7e+06           40        10.35    0.0089233   -0.0360263   7.3695e+30       206000 -0.000321474 
     1.7e+06           45        10.35   0.00845878   -0.0362825   7.3695e+30       206000 -0.000306906 
     1.7e+06            5        10.35    0.0139753  -0.00571196   7.3695e+30       206000  -7.9826e-05 
     1.7e+06           50        10.35   0.00694551   -0.0365766   7.3695e+30       206000 -0.000254043 
     1.7e+06           55        10.35   0.00636914   -0.0366832   7.3695e+30       206000 -0.000233641 
     1.7e+06           60        10.35   0.00548284   -0.0367181   7.3695e+30       206000 -0.000201319 
     1.7e+06           65        10.35   0.00524036   -0.0367358   7.3695e+30       206000 -0.000192509 
     1.7e+06           70        10.35   0.00405958    -0.036782   7.3695e+30       206000 -0.000149319 
     1.7e+06           75        10.35   0.00357801   -0.0367858   7.3695e+30       206000  -0.00013162 
     1.7e+06           80        10.35    0.0025248   -0.0368433   7.3695e+30       206000 -9.30222e-05 
     1.7e+06           85        10.35   0.00236972   -0.0368789   7.3695e+30       206000 -8.73928e-05 
     1.7e+06           90        10.35   0.00127578    -0.036791   7.3695e+30       206000 -4.69371e-05 
     1.7e+06           10        9.729    0.0149089   -0.0412342   7.3695e+30       206000 -0.000614756 
     1.7e+06           15        9.729    0.0142179   -0.0655519   7.3695e+30       206000 -0.000932009 
     1.7e+06           20        9.729    0.0129234   -0.0726402   7.3695e+30       206000 -0.000938755 
     1.7e+06           25        9.729    0.0126294   -0.0766083   7.3695e+30       206000 -0.000967518 
     1.7e+06           30        9.729    0.0122266    -0.078714   7.3695e+30       206000 -0.000962406 
     1.7e+06           35        9.729    0.0102563   -0.0798847   7.3695e+30       206000 -0.000819318 
     1.7e+06           40        9.729    0.0096309   -0.0802528   7.3695e+30       206000 -0.000772906 
     1.7e+06           45        9.729   0.00913036   -0.0808226   7.3695e+30       206000 -0.000737939 
     1.7e+06            5        9.729    0.0144037    -0.012724   7.3695e+30       206000 -0.000183273 
     1.7e+06           50        9.729   0.00747695   -0.0814779   7.3695e+30       206000 -0.000609206 
     1.7e+06           55        9.729   0.00682976   -0.0817156   7.3695e+30       206000 -0.000558098 
     1.7e+06           60        9.729   0.00585782    -0.081794   7.3695e+30       206000 -0.000479135 
     1.7e+06           65        9.729   0.00560682   -0.0818343   7.3695e+30       206000  -0.00045883 
     1.7e+06           70        9.729   0.00437543   -0.0819363   7.3695e+30       206000 -0.000358506 
     1.7e+06           75        9.729   0.00388757   -0.0819428   7.3695e+30       206000 -0.000318558 
     1.7e+06           80        9.729   0.00276205   -0.0820723   7.3695e+30       206000 -0.000226688 
     1.7e+06           85        9.729   0.00260027   -0.0821516   7.3695e+30       206000 -0.000213616 
     1.7e+06           90        9.729   0.00140197   -0.0819561   7.3695e+30       206000   -0.0001149 
     1.7e+06           10        9.315    0.0152351   -0.0503059   7.3695e+30       206000 -0.000766419 
     1.7e+06           15        9.315    0.0145654   -0.0799629   7.3695e+30       206000  -0.00116469 
     1.7e+06           20        9.315    0.0132948   -0.0885966   7.3695e+30       206000  -0.00117788 
     1.7e+06           25        9.315    0.0130604   -0.0934324   7.3695e+30       206000  -0.00122026 
     1.7e+06           30        9.315    0.0127061   -0.0959984   7.3695e+30       206000  -0.00121976 
     1.7e+06           35        9.315    0.0107082   -0.0974265   7.3695e+30       206000  -0.00104326 
     1.7e+06           40        9.315    0.0101069    -0.097875   7.3695e+30       206000 -0.000989215 
     1.7e+06           45        9.315   0.00961125   -0.0985675   7.3695e+30       206000 -0.000947357 
     1.7e+06            5        9.315    0.0147126   -0.0155179   7.3695e+30       206000 -0.000228308 
     1.7e+06           50        9.315   0.00785283   -0.0993675   7.3695e+30       206000 -0.000780316 
     1.7e+06           55        9.315   0.00713288   -0.0996576   7.3695e+30       206000 -0.000710846 
     1.7e+06           60        9.315   0.00608484   -0.0997547   7.3695e+30       206000 -0.000606992 
     1.7e+06           65        9.315    0.0058285    -0.099805   7.3695e+30       206000 -0.000581713 
     1.7e+06           70        9.315   0.00458551    -0.099928   7.3695e+30       206000 -0.000458221 
     1.7e+06           75        9.315   0.00411136   -0.0999332   7.3695e+30       206000 -0.000410861 
     1.7e+06           80        9.315    0.0029419    -0.100093   7.3695e+30       206000 -0.000294464 
     1.7e+06           85        9.315   0.00277582     -0.10019   7.3695e+30       206000 -0.000278109 
     1.7e+06           90        9.315   0.00149822   -0.0999517   7.3695e+30       206000  -0.00014975 
     1.7e+06           10         4.14    0.0187572   -0.0395249   7.3695e+30       206000 -0.000741377 
     1.7e+06           15         4.14    0.0187239   -0.0626794   7.3695e+30       206000   -0.0011736 
     1.7e+06           20         4.14    0.0183494   -0.0692806   7.3695e+30       206000  -0.00127126 
     1.7e+06           25         4.14    0.0196873    -0.073008   7.3695e+30       206000  -0.00143733 
     1.7e+06           30         4.14    0.0204466    -0.074958   7.3695e+30       206000  -0.00153264 
     1.7e+06           35         4.14    0.0178312   -0.0760893   7.3695e+30       206000  -0.00135676 
     1.7e+06           40         4.14    0.0171937   -0.0764386   7.3695e+30       206000  -0.00131426 
     1.7e+06           45         4.14    0.0166033   -0.0769749   7.3695e+30       206000  -0.00127804 
     1.7e+06            5         4.14    0.0179813   -0.0121188   7.3695e+30       206000 -0.000217912 
     1.7e+06           50         4.14    0.0136199   -0.0776008   7.3695e+30       206000  -0.00105692 
     1.7e+06           55         4.14     0.012299   -0.0778276   7.3695e+30       206000 -0.000957204 
     1.7e+06           60         4.14    0.0104283   -0.0779046   7.3695e+30       206000 -0.000812414 
     1.7e+06           65         4.14   0.00994486   -0.0779437   7.3695e+30       206000 -0.000775139 
     1.7e+06           70         4.14   0.00781603   -0.0780394   7.3695e+30       206000 -0.000609958 
     1.7e+06           75         4.14   0.00700509   -0.0780435   7.3695e+30       206000 -0.000546702 
     1.7e+06           80         4.14   0.00510175    -0.078165   7.3695e+30       206000 -0.000398778 
     1.7e+06           85         4.14   0.00499776   -0.0782399   7.3695e+30       206000 -0.000391024 
     1.7e+06           90         4.14   0.00274909   -0.0780579   7.3695e+30       206000 -0.000214588 
