       1e+06           10         2.07    0.0149737   -0.0207069   1.0935e+30       206000 -0.000310059 
       1e+06           15         2.07    0.0151583    -0.052856   1.0935e+30       206000 -0.000801207 
       1e+06           20         2.07    0.0155251   -0.0858606   1.0935e+30       206000    -0.001333 
       1e+06           25         2.07    0.0160669    -0.125608   1.0935e+30       206000  -0.00201812 
       1e+06           30         2.07    0.0148988    -0.153801   1.0935e+30       206000  -0.00229145 
       1e+06           35         2.07    0.0157656    -0.192968   1.0935e+30       206000  -0.00304226 
       1e+06           40         2.07    0.0136158     -0.23444   1.0935e+30       206000  -0.00319209 
       1e+06           45         2.07    0.0137626    -0.277889   1.0935e+30       206000  -0.00382446 
       1e+06            5         2.07    0.0157224  -0.00654696   1.0935e+30       206000 -0.000102934 
       1e+06           50         2.07    0.0116964     -0.32163   1.0935e+30       206000  -0.00376191 
       1e+06           55         2.07    0.0112412    -0.363913   1.0935e+30       206000  -0.00409082 
       1e+06           60         2.07   0.00955842    -0.397952   1.0935e+30       206000  -0.00380379 
       1e+06           65         2.07   0.00927894    -0.429224   1.0935e+30       206000  -0.00398274 
       1e+06           70         2.07    0.0077469    -0.448697   1.0935e+30       206000  -0.00347601 
       1e+06           75         2.07   0.00694747    -0.466682   1.0935e+30       206000  -0.00324226 
       1e+06           80         2.07   0.00741267    -0.476479   1.0935e+30       206000  -0.00353198 
       1e+06           85         2.07   0.00668391    -0.480196   1.0935e+30       206000  -0.00320959 
       1e+06           90         2.07    0.0054146    -0.478469   1.0935e+30       206000  -0.00259072 
       1e+06           10        2.484    0.0196351   -0.0196573   1.0935e+30       206000 -0.000385973 
       1e+06           15        2.484    0.0197668   -0.0483161   1.0935e+30       206000 -0.000955054 
       1e+06           20        2.484    0.0200265   -0.0759689   1.0935e+30       206000  -0.00152139 
       1e+06           25        2.484    0.0204059    -0.107974   1.0935e+30       206000   -0.0022033 
       1e+06           30        2.484    0.0186683    -0.128253   1.0935e+30       206000  -0.00239427 
       1e+06           35        2.484    0.0195198    -0.155344   1.0935e+30       206000  -0.00303229 
       1e+06           40        2.484    0.0167412    -0.185421   1.0935e+30       206000  -0.00310417 
       1e+06           45        2.484    0.0168322    -0.218287   1.0935e+30       206000  -0.00367425 
       1e+06            5        2.484    0.0206169  -0.00623123   1.0935e+30       206000 -0.000128468 
       1e+06           50        2.484    0.0142301    -0.252567   1.0935e+30       206000  -0.00359406 
       1e+06           55        2.484    0.0135976    -0.286741   1.0935e+30       206000  -0.00389898 
       1e+06           60        2.484    0.0114993    -0.314714   1.0935e+30       206000  -0.00361899 
       1e+06           65        2.484    0.0110954    -0.340921   1.0935e+30       206000  -0.00378265 
       1e+06           70        2.484    0.0092123    -0.357478   1.0935e+30       206000  -0.00329319 
       1e+06           75        2.484   0.00821061    -0.372592   1.0935e+30       206000  -0.00305921 
       1e+06           80        2.484   0.00868464    -0.380923   1.0935e+30       206000  -0.00330818 
       1e+06           85        2.484   0.00777685    -0.383823   1.0935e+30       206000  -0.00298494 
       1e+06           90        2.484   0.00627076    -0.382124   1.0935e+30       206000  -0.00239621 
       1e+06           10        8.694    0.0202111   -0.0161737   1.0935e+30       206000 -0.000326889 
       1e+06           15        8.694    0.0201638   -0.0299745   1.0935e+30       206000 -0.000604399 
       1e+06           20        8.694    0.0200714   -0.0328162   1.0935e+30       206000 -0.000658668 
       1e+06           25        8.694    0.0199389   -0.0273124   1.0935e+30       206000  -0.00054458 
       1e+06           30        8.694    0.0178416   -0.0123418   1.0935e+30       206000 -0.000220197 
       1e+06           35        8.694    0.0183957    0.0154869   1.0935e+30       206000  0.000284892 
       1e+06           40        8.694    0.0157851    0.0484246   1.0935e+30       206000  0.000764389 
       1e+06           45        8.694    0.0159511    0.0829961   1.0935e+30       206000   0.00132388 
       1e+06            5        8.694    0.0212217  -0.00518737   1.0935e+30       206000 -0.000110085 
       1e+06           50        8.694    0.0135605     0.116493   1.0935e+30       206000    0.0015797 
       1e+06           55        8.694    0.0130992     0.149156   1.0935e+30       206000   0.00195382 
       1e+06           60        8.694     0.011241     0.174326   1.0935e+30       206000    0.0019596 
       1e+06           65        8.694    0.0110388     0.197385   1.0935e+30       206000    0.0021789 
       1e+06           70        8.694   0.00930543      0.21341   1.0935e+30       206000   0.00198588 
       1e+06           75        8.694   0.00834735      0.22616   1.0935e+30       206000   0.00188784 
       1e+06           80        8.694   0.00880554     0.236121   1.0935e+30       206000   0.00207917 
       1e+06           85        8.694   0.00785481     0.240745   1.0935e+30       206000   0.00189101 
       1e+06           90        8.694   0.00628876     0.241545   1.0935e+30       206000   0.00151902 
       1e+06           10        4.554    0.0225278   -0.0144092   1.0935e+30       206000 -0.000324608 
       1e+06           15        4.554    0.0230282   -0.0262967   1.0935e+30       206000 -0.000605565 
       1e+06           20        4.554    0.0240348   -0.0276778   1.0935e+30       206000 -0.000665232 
       1e+06           25        4.554    0.0255509   -0.0205148   1.0935e+30       206000 -0.000524171 
       1e+06           30        4.554    0.0242529 -0.000827994   1.0935e+30       206000 -2.00812e-05 
       1e+06           35        4.554    0.0262623    0.0324811   1.0935e+30       206000  0.000853029 
       1e+06           40        4.554    0.0230741    0.0594239   1.0935e+30       206000   0.00137115 
       1e+06           45        4.554    0.0236785    0.0793835   1.0935e+30       206000   0.00187969 
       1e+06            5        4.554    0.0236542  -0.00465254   1.0935e+30       206000 -0.000110052 
       1e+06           50        4.554    0.0203937    0.0923448   1.0935e+30       206000   0.00188325 
       1e+06           55        4.554    0.0196086    0.0986405   1.0935e+30       206000    0.0019342 
       1e+06           60        4.554    0.0164618     0.101154   1.0935e+30       206000   0.00166518 
       1e+06           65        4.554    0.0156949     0.100309   1.0935e+30       206000   0.00157434 
       1e+06           70        4.554    0.0128958    0.0984492   1.0935e+30       206000   0.00126958 
       1e+06           75        4.554    0.0114259    0.0976577   1.0935e+30       206000   0.00111582 
       1e+06           80        4.554    0.0120637    0.0967634   1.0935e+30       206000   0.00116733 
       1e+06           85        4.554    0.0107974    0.0980215   1.0935e+30       206000   0.00105837 
       1e+06           90        4.554   0.00867117    0.0996548   1.0935e+30       206000  0.000864123 
       1e+06           10         6.21    0.0221799   -0.0142268   1.0935e+30       206000  -0.00031555 
       1e+06           15         6.21    0.0224539   -0.0242884   1.0935e+30       206000  -0.00054537 
       1e+06           20         6.21    0.0229985   -0.0223486   1.0935e+30       206000 -0.000513985 
       1e+06           25         6.21    0.0238029   -0.0100956   1.0935e+30       206000 -0.000240306 
       1e+06           30         6.21     0.022074    0.0137633   1.0935e+30       206000  0.000303811 
       1e+06           35         6.21    0.0232296    0.0538509   1.0935e+30       206000   0.00125094 
       1e+06           40         6.21    0.0198266      0.09104   1.0935e+30       206000   0.00180501 
       1e+06           45         6.21    0.0197696     0.123442   1.0935e+30       206000   0.00244039 
       1e+06            5         6.21    0.0232889    -0.004599   1.0935e+30       206000 -0.000107106 
       1e+06           50         6.21    0.0166068     0.150134   1.0935e+30       206000   0.00249325 
       1e+06           55         6.21    0.0160072     0.171131   1.0935e+30       206000   0.00273933 
       1e+06           60         6.21    0.0138487     0.185437   1.0935e+30       206000   0.00256806 
       1e+06           65         6.21    0.0137633     0.196076   1.0935e+30       206000   0.00269865 
       1e+06           70         6.21    0.0117239     0.202184   1.0935e+30       206000   0.00237038 
       1e+06           75         6.21    0.0105874     0.207884   1.0935e+30       206000   0.00220095 
       1e+06           80         6.21    0.0112116     0.211621   1.0935e+30       206000   0.00237262 
       1e+06           85         6.21    0.0100238     0.214583   1.0935e+30       206000   0.00215094 
       1e+06           90         6.21   0.00803852     0.215937   1.0935e+30       206000   0.00173581 
       1e+06           10         8.28    0.0207115   -0.0158492   1.0935e+30       206000 -0.000328261 
       1e+06           15         8.28    0.0207032   -0.0290307   1.0935e+30       206000 -0.000601028 
       1e+06           20         8.28    0.0206869   -0.0310854   1.0935e+30       206000  -0.00064306 
       1e+06           25         8.28    0.0206635   -0.0244621   1.0935e+30       206000 -0.000505473 
       1e+06           30         8.28    0.0185788  -0.00802279   1.0935e+30       206000 -0.000149054 
       1e+06           35         8.28    0.0192233     0.021892   1.0935e+30       206000  0.000420837 
       1e+06           40         8.28    0.0165104    0.0555554   1.0935e+30       206000  0.000917241 
       1e+06           45         8.28    0.0166853    0.0897667   1.0935e+30       206000   0.00149779 
       1e+06            5         8.28    0.0217471   -0.0050893   1.0935e+30       206000 -0.000110677 
       1e+06           50         8.28    0.0141873     0.122118   1.0935e+30       206000   0.00173253 
       1e+06           55         8.28    0.0137192      0.15283   1.0935e+30       206000   0.00209671 
       1e+06           60         8.28    0.0117941     0.176185   1.0935e+30       206000   0.00207795 
       1e+06           65         8.28    0.0116077     0.197176   1.0935e+30       206000   0.00228876 
       1e+06           70         8.28   0.00980344     0.211543   1.0935e+30       206000   0.00207385 
       1e+06           75         8.28   0.00879866     0.223111   1.0935e+30       206000   0.00196308 
       1e+06           80         8.28   0.00927195     0.232034   1.0935e+30       206000   0.00215141 
       1e+06           85         8.28   0.00826186     0.236383   1.0935e+30       206000   0.00195297 
       1e+06           90         8.28   0.00660702     0.237277   1.0935e+30       206000    0.0015677 
       1e+06           10        7.659    0.0210996   -0.0153625   1.0935e+30       206000 -0.000324142 
       1e+06           15        7.659    0.0211986   -0.0276178   1.0935e+30       206000 -0.000585457 
       1e+06           20        7.659    0.0213935   -0.0284754   1.0935e+30       206000 -0.000609188 
       1e+06           25        7.659     0.021677   -0.0201478   1.0935e+30       206000 -0.000436744 
       1e+06           30        7.659    0.0197346  -0.00148375   1.0935e+30       206000 -2.92813e-05 
       1e+06           35        7.659    0.0206062    0.0315311   1.0935e+30       206000  0.000649735 
       1e+06           40        7.659    0.0177388    0.0662517   1.0935e+30       206000   0.00117522 
       1e+06           45        7.659    0.0179291    0.0999225   1.0935e+30       206000   0.00179152 
       1e+06            5        7.659    0.0221545  -0.00494221   1.0935e+30       206000 -0.000109492 
       1e+06           50        7.659    0.0152488     0.130554   1.0935e+30       206000   0.00199079 
       1e+06           55        7.659    0.0147653     0.158332   1.0935e+30       206000   0.00233782 
       1e+06           60        7.659    0.0127215     0.178966   1.0935e+30       206000   0.00227673 
       1e+06           65        7.659     0.012555     0.196853   1.0935e+30       206000   0.00247149 
       1e+06           70        7.659    0.0106281     0.208738   1.0935e+30       206000    0.0022185 
       1e+06           75        7.659   0.00954266     0.218537   1.0935e+30       206000   0.00208542 
       1e+06           80        7.659     0.010037     0.225904   1.0935e+30       206000    0.0022674 
       1e+06           85        7.659    0.0089269      0.22984   1.0935e+30       206000   0.00205176 
       1e+06           90        7.659   0.00712537     0.230874   1.0935e+30       206000   0.00164506 
       1e+06           10        3.726    0.0224473   -0.0165084   1.0935e+30       206000  -0.00037057 
       1e+06           15        3.726    0.0230103   -0.0352498   1.0935e+30       206000  -0.00081111 
       1e+06           20        3.726     0.024147   -0.0472463   1.0935e+30       206000  -0.00114085 
       1e+06           25        3.726    0.0258684   -0.0556565   1.0935e+30       206000  -0.00143974 
       1e+06           30        3.726    0.0247187   -0.0518758   1.0935e+30       206000  -0.00128231 
       1e+06           35        3.726     0.026526    -0.042809   1.0935e+30       206000  -0.00113555 
       1e+06           40        3.726     0.022663   -0.0386135   1.0935e+30       206000 -0.000875099 
       1e+06           45        3.726    0.0224896   -0.0397579   1.0935e+30       206000 -0.000894139 
       1e+06            5        3.726    0.0235697  -0.00528401   1.0935e+30       206000 -0.000124542 
       1e+06           50        3.726    0.0187811   -0.0456084   1.0935e+30       206000 -0.000856575 
       1e+06           55        3.726     0.017823   -0.0554982   1.0935e+30       206000 -0.000989144 
       1e+06           60        3.726    0.0150676    -0.065199   1.0935e+30       206000 -0.000982391 
       1e+06           65        3.726    0.0145581   -0.0761929   1.0935e+30       206000  -0.00110923 
       1e+06           70        3.726    0.0120975   -0.0839248   1.0935e+30       206000  -0.00101528 
       1e+06           75        3.726     0.010737   -0.0904271   1.0935e+30       206000 -0.000970912 
       1e+06           80        3.726    0.0112251    -0.094304   1.0935e+30       206000  -0.00105857 
       1e+06           85        3.726   0.00995046   -0.0947201   1.0935e+30       206000 -0.000942509 
       1e+06           90        3.726   0.00794908   -0.0930736   1.0935e+30       206000 -0.000739849 
       1e+06           10        3.105    0.0188602   -0.0180829   1.0935e+30       206000 -0.000341046 
       1e+06           15        3.105    0.0194411   -0.0420381   1.0935e+30       206000 -0.000817265 
       1e+06           20        3.105    0.0206219   -0.0620589   1.0935e+30       206000  -0.00127978 
       1e+06           25        3.105    0.0224304   -0.0821135   1.0935e+30       206000  -0.00184183 
       1e+06           30        3.105    0.0217175   -0.0902356   1.0935e+30       206000  -0.00195969 
       1e+06           35        3.105    0.0236043   -0.0991344   1.0935e+30       206000     -0.00234 
       1e+06           40        3.105    0.0203558    -0.111988   1.0935e+30       206000   -0.0022796 
       1e+06           45        3.105    0.0203654    -0.128992   1.0935e+30       206000  -0.00262698 
       1e+06            5        3.105    0.0198032  -0.00575762   1.0935e+30       206000 -0.000114019 
       1e+06           50        3.105    0.0171431     -0.14908   1.0935e+30       206000  -0.00255569 
       1e+06           55        3.105     0.016388    -0.171161   1.0935e+30       206000  -0.00280499 
       1e+06           60        3.105    0.0139316    -0.189999   1.0935e+30       206000  -0.00264699 
       1e+06           65        3.105    0.0135393    -0.208597   1.0935e+30       206000  -0.00282424 
       1e+06           70        3.105    0.0113074     -0.22072   1.0935e+30       206000  -0.00249576 
       1e+06           75        3.105    0.0100557    -0.231491   1.0935e+30       206000  -0.00232781 
       1e+06           80        3.105    0.0104997      -0.2376   1.0935e+30       206000  -0.00249472 
       1e+06           85        3.105   0.00929259     -0.23927   1.0935e+30       206000  -0.00222344 
       1e+06           90        3.105   0.00741659    -0.237623   1.0935e+30       206000  -0.00176235 
       1e+06           10        5.796     0.022535   -0.0139024   1.0935e+30       206000 -0.000313289 
       1e+06           15        5.796    0.0228523   -0.0233323   1.0935e+30       206000 -0.000533196 
       1e+06           20        5.796    0.0234843    -0.020591   1.0935e+30       206000 -0.000483567 
       1e+06           25        5.796    0.0244211  -0.00722224   1.0935e+30       206000 -0.000176375 
       1e+06           30        5.796    0.0227406    0.0181236   1.0935e+30       206000  0.000412143 
       1e+06           35        5.796    0.0240921     0.060365   1.0935e+30       206000   0.00145432 
       1e+06           40        5.796    0.0207412    0.0982816   1.0935e+30       206000   0.00203848 
       1e+06           45        5.796    0.0208713     0.130329   1.0935e+30       206000   0.00272013 
       1e+06            5        5.796    0.0236617  -0.00450094   1.0935e+30       206000   -0.0001065 
       1e+06           50        5.796    0.0176754     0.155813   1.0935e+30       206000   0.00275406 
       1e+06           55        5.796    0.0170522     0.174745   1.0935e+30       206000   0.00297979 
       1e+06           60        5.796    0.0146553     0.187246   1.0935e+30       206000   0.00274415 
       1e+06           65        5.796     0.014427     0.195819   1.0935e+30       206000   0.00282509 
       1e+06           70        5.796    0.0121891     0.200294   1.0935e+30       206000   0.00244141 
       1e+06           75        5.796    0.0109678     0.204835   1.0935e+30       206000   0.00224658 
       1e+06           80        5.796    0.0116267     0.207539   1.0935e+30       206000   0.00241301 
       1e+06           85        5.796     0.010413     0.210224   1.0935e+30       206000   0.00218907 
       1e+06           90        5.796   0.00835676     0.211667   1.0935e+30       206000   0.00176885 
       1e+06           10        6.831    0.0216822   -0.0147135   1.0935e+30       206000 -0.000319023 
       1e+06           15        6.831    0.0219002   -0.0257201   1.0935e+30       206000 -0.000563274 
       1e+06           20        6.831     0.022332   -0.0249767   1.0935e+30       206000 -0.000557781 
       1e+06           25        6.831     0.022967   -0.0143945   1.0935e+30       206000 -0.000330598 
       1e+06           30        6.831    0.0211815    0.0072416   1.0935e+30       206000  0.000153388 
       1e+06           35        6.831    0.0220885    0.0441104   1.0935e+30       206000  0.000974335 
       1e+06           40        6.831    0.0186294    0.0801904   1.0935e+30       206000    0.0014939 
       1e+06           45        6.831    0.0183432     0.113116   1.0935e+30       206000   0.00207491 
       1e+06            5        6.831    0.0227663  -0.00474609   1.0935e+30       206000 -0.000108051 
       1e+06           50        6.831    0.0152359     0.141606   1.0935e+30       206000   0.00215751 
       1e+06           55        6.831     0.014668      0.16572   1.0935e+30       206000   0.00243078 
       1e+06           60        6.831     0.012807     0.182741   1.0935e+30       206000   0.00234037 
       1e+06           65        6.831    0.0128967     0.196484   1.0935e+30       206000     0.002534 
       1e+06           70        6.831    0.0111104     0.205028   1.0935e+30       206000   0.00227793 
       1e+06           75        6.831    0.0100834     0.212459   1.0935e+30       206000   0.00214231 
       1e+06           80        6.831    0.0106623     0.217743   1.0935e+30       206000   0.00232164 
       1e+06           85        6.831    0.0095098     0.221122   1.0935e+30       206000   0.00210282 
       1e+06           90        6.831    0.0076107     0.222338   1.0935e+30       206000   0.00169215 
       1e+06           10        5.175    0.0223354   -0.0134156   1.0935e+30       206000 -0.000299643 
       1e+06           15        5.175    0.0227845   -0.0218952   1.0935e+30       206000 -0.000498872 
       1e+06           20        5.175    0.0236858   -0.0179175   1.0935e+30       206000  -0.00042439 
       1e+06           25        5.175    0.0250375   -0.0028364   1.0935e+30       206000 -7.10165e-05 
       1e+06           30        5.175     0.023649    0.0247851   1.0935e+30       206000  0.000586143 
       1e+06           35        5.175    0.0254356    0.0701831   1.0935e+30       206000   0.00178514 
       1e+06           40        5.175    0.0221777      0.10912   1.0935e+30       206000   0.00242003 
       1e+06           45        5.175    0.0225814     0.140628   1.0935e+30       206000   0.00317556 
       1e+06            5        5.175    0.0234521  -0.00435385   1.0935e+30       206000 -0.000102107 
       1e+06           50        5.175    0.0193197     0.164299   1.0935e+30       206000   0.00317421 
       1e+06           55        5.175    0.0186105     0.180161   1.0935e+30       206000   0.00335288 
       1e+06           60        5.175    0.0157851     0.189974   1.0935e+30       206000   0.00299875 
       1e+06           65        5.175    0.0152606     0.195458   1.0935e+30       206000   0.00298279 
       1e+06           70        5.175    0.0126918     0.197469   1.0935e+30       206000   0.00250623 
       1e+06           75        5.175    0.0113157     0.200261   1.0935e+30       206000    0.0022661 
       1e+06           80        5.175    0.0119547     0.201411   1.0935e+30       206000    0.0024078 
       1e+06           85        5.175    0.0106922     0.203682   1.0935e+30       206000   0.00217781 
       1e+06           90        5.175   0.00858065     0.205269   1.0935e+30       206000   0.00176134 
       1e+06           10        10.35    0.0184709   -0.0179052   1.0935e+30       206000 -0.000330725 
       1e+06           15        10.35    0.0183557   -0.0342642   1.0935e+30       206000 -0.000628943 
       1e+06           20        10.35     0.018132   -0.0399349   1.0935e+30       206000 -0.000724099 
       1e+06           25        10.35    0.0178137   -0.0387727   1.0935e+30       206000 -0.000690687 
       1e+06           30        10.35    0.0157863   -0.0294384   1.0935e+30       206000 -0.000464723 
       1e+06           35        10.35    0.0161788  -0.00954797   1.0935e+30       206000 -0.000154475 
       1e+06           40        10.35      0.01389    0.0195829   1.0935e+30       206000  0.000272006 
       1e+06           45        10.35    0.0140718    0.0539643   1.0935e+30       206000  0.000759373 
       1e+06            5        10.35    0.0193945  -0.00578864   1.0935e+30       206000 -0.000112268 
       1e+06           50        10.35    0.0119808    0.0900133   1.0935e+30       206000   0.00107843 
       1e+06           55        10.35    0.0114926     0.127799   1.0935e+30       206000   0.00146874 
       1e+06           60        10.35   0.00971939     0.158298   1.0935e+30       206000   0.00153856 
       1e+06           65        10.35   0.00936859       0.1877   1.0935e+30       206000   0.00175848 
       1e+06           70        10.35    0.0077718     0.209084   1.0935e+30       206000   0.00162496 
       1e+06           75        10.35   0.00692359     0.225841   1.0935e+30       206000   0.00156363 
       1e+06           80        10.35   0.00732291     0.239334   1.0935e+30       206000   0.00175262 
       1e+06           85        10.35   0.00655773     0.244966   1.0935e+30       206000   0.00160642 
       1e+06           90        10.35   0.00525608     0.245685   1.0935e+30       206000   0.00129134 
       1e+06           10        9.729    0.0190372   -0.0169849   1.0935e+30       206000 -0.000323344 
       1e+06           15        9.729    0.0189143   -0.0323297   1.0935e+30       206000 -0.000611492 
       1e+06           20        9.729    0.0186757   -0.0371269   1.0935e+30       206000 -0.000693371 
       1e+06           25        9.729    0.0183364   -0.0344134   1.0935e+30       206000 -0.000631019 
       1e+06           30        9.729    0.0162406   -0.0230983   1.0935e+30       206000 -0.000375132 
       1e+06           35        9.729    0.0166193 -0.000507682   1.0935e+30       206000 -8.43731e-06 
       1e+06           40        9.729    0.0142328    0.0305979   1.0935e+30       206000  0.000435492 
       1e+06           45        9.729    0.0143797    0.0660699   1.0935e+30       206000  0.000950063 
       1e+06            5        9.729     0.019989  -0.00543252   1.0935e+30       206000 -0.000108591 
       1e+06           50        9.729    0.0122195     0.102428   1.0935e+30       206000   0.00125162 
       1e+06           55        9.729    0.0117751     0.139962   1.0935e+30       206000   0.00164807 
       1e+06           60        9.729    0.0100633     0.169669   1.0935e+30       206000   0.00170743 
       1e+06           65        9.729   0.00983188     0.197896   1.0935e+30       206000   0.00194569 
       1e+06           70        9.729   0.00825203     0.218074   1.0935e+30       206000   0.00179955 
       1e+06           75        9.729   0.00739351     0.233784   1.0935e+30       206000   0.00172848 
       1e+06           80        9.729   0.00781812     0.246339   1.0935e+30       206000   0.00192591 
       1e+06           85        9.729   0.00699153      0.25165   1.0935e+30       206000   0.00175942 
       1e+06           90        9.729   0.00560158     0.252218   1.0935e+30       206000   0.00141282 
       1e+06           10        9.315    0.0194454   -0.0166604   1.0935e+30       206000 -0.000323968 
       1e+06           15        9.315    0.0193542   -0.0313893   1.0935e+30       206000 -0.000607516 
       1e+06           20        9.315    0.0191768   -0.0354056   1.0935e+30       206000 -0.000678967 
       1e+06           25        9.315    0.0189237   -0.0315744   1.0935e+30       206000 -0.000597504 
       1e+06           30        9.315    0.0168348   -0.0187986   1.0935e+30       206000 -0.000316471 
       1e+06           35        9.315    0.0172834   0.00588961   1.0935e+30       206000  0.000101792 
       1e+06           40        9.315    0.0148139    0.0377285   1.0935e+30       206000  0.000558908 
       1e+06           45        9.315    0.0149679    0.0728404   1.0935e+30       206000   0.00109027 
       1e+06            5        9.315    0.0204177  -0.00533446   1.0935e+30       206000 -0.000108917 
       1e+06           50        9.315    0.0127214     0.108054   1.0935e+30       206000    0.0013746 
       1e+06           55        9.315    0.0122703     0.143641   1.0935e+30       206000   0.00176252 
       1e+06           60        9.315    0.0105032     0.171533   1.0935e+30       206000   0.00180165 
       1e+06           65        9.315     0.010282     0.197694   1.0935e+30       206000   0.00203268 
       1e+06           70        9.315   0.00864433     0.216209   1.0935e+30       206000   0.00186899 
       1e+06           75        9.315    0.0077486     0.230734   1.0935e+30       206000   0.00178787 
       1e+06           80        9.315   0.00818599     0.242252   1.0935e+30       206000   0.00198307 
       1e+06           85        9.315   0.00731341     0.247288   1.0935e+30       206000   0.00180852 
       1e+06           90        9.315   0.00585785     0.247949   1.0935e+30       206000   0.00145245 
       1e+06           10         4.14    0.0225266   -0.0154588   1.0935e+30       206000 -0.000348235 
       1e+06           15         4.14    0.0230769   -0.0307737   1.0935e+30       206000  -0.00071016 
       1e+06           20         4.14    0.0241869   -0.0374562   1.0935e+30       206000 -0.000905948 
       1e+06           25         4.14    0.0258658   -0.0380711   1.0935e+30       206000  -0.00098474 
       1e+06           30         4.14    0.0246787   -0.0263282   1.0935e+30       206000 -0.000649747 
       1e+06           35         4.14    0.0266113  -0.00521925   1.0935e+30       206000 -0.000138891 
       1e+06           40         4.14    0.0230159      0.01033   1.0935e+30       206000  0.000237755 
       1e+06           45         4.14    0.0231715    0.0197334   1.0935e+30       206000  0.000457251 
       1e+06            5         4.14    0.0236529  -0.00496828   1.0935e+30       206000 -0.000117514 
       1e+06           50         4.14    0.0196146    0.0233247   1.0935e+30       206000  0.000457505 
       1e+06           55         4.14    0.0187661    0.0215716   1.0935e+30       206000  0.000404814 
       1e+06           60         4.14    0.0158867    0.0179771   1.0935e+30       206000  0.000285596 
       1e+06           65         4.14    0.0153456    0.0120541   1.0935e+30       206000  0.000184978 
       1e+06           70         4.14     0.012748    0.0072607   1.0935e+30       206000  9.25596e-05 
       1e+06           75         4.14    0.0113003   0.00361761   1.0935e+30       206000  4.08801e-05 
       1e+06           80         4.14    0.0117815   0.00122828   1.0935e+30       206000   1.4471e-05 
       1e+06           85         4.14    0.0104191    0.0016452   1.0935e+30       206000  1.71416e-05 
       1e+06           90         4.14   0.00830642   0.00328623   1.0935e+30       206000  2.72968e-05 
