#   Radius[cm]     Phi[deg]   Energy[keV]     I          Q/I        mu[Gcm3]      Mass[cm]        Q      Phi[rad]
       1e+06           10         2.07    0.0149737    0.0320957      1.5e+30       206000  0.000480592  0.174533
       1e+06           15         2.07    0.0151583    0.0516111      1.5e+30       206000  0.000782337  0.261799
       1e+06           20         2.07    0.0155251    0.0749276      1.5e+30       206000   0.00116326  0.349066
       1e+06           25         2.07    0.0160669     0.104037      1.5e+30       206000   0.00167156  0.436332
       1e+06           30         2.07    0.0148988     0.124413      1.5e+30       206000    0.0018536  0.523599
       1e+06           35         2.07    0.0157656     0.145179      1.5e+30       206000   0.00228884  0.610865
       1e+06           40         2.07    0.0136158     0.177427      1.5e+30       206000   0.00241581  0.698132
       1e+06           45         2.07    0.0137626     0.213328      1.5e+30       206000   0.00293593  0.785398
       1e+06            5         2.07    0.0157224   0.00932158      1.5e+30       206000  0.000146558  0.0872665
       1e+06           50         2.07    0.0116964     0.234111      1.5e+30       206000   0.00273826  0.872665
       1e+06           55         2.07    0.0112412      0.26356      1.5e+30       206000   0.00296273  0.959931
       1e+06           60         2.07   0.00955842     0.296405      1.5e+30       206000   0.00283317    1.0472
       1e+06           65         2.07   0.00927894     0.317889      1.5e+30       206000   0.00294967   1.13446
       1e+06           70         2.07    0.0077469     0.346599      1.5e+30       206000   0.00268506   1.22173
       1e+06           75         2.07   0.00694747     0.308227      1.5e+30       206000    0.0021414     1.309
       1e+06           80         2.07   0.00741267     0.367269      1.5e+30       206000   0.00272244   1.39626
       1e+06           85         2.07   0.00668391     0.357479      1.5e+30       206000   0.00238935   1.48353
       1e+06           90         2.07    0.0054146      0.32786      1.5e+30       206000   0.00177523    1.5708
       1e+06           10        2.484    0.0196351    0.0313721      1.5e+30       206000  0.000615995  0.174533
       1e+06           15        2.484    0.0197668     0.046596      1.5e+30       206000  0.000921051  0.261799
       1e+06           20        2.484    0.0200265    0.0669514      1.5e+30       206000   0.00134081  0.349066
       1e+06           25        2.484    0.0204059    0.0910366      1.5e+30       206000   0.00185769  0.436332
       1e+06           30        2.484    0.0186683      0.10434      1.5e+30       206000   0.00194785  0.523599
       1e+06           35        2.484    0.0195198     0.117728      1.5e+30       206000   0.00229803  0.610865
       1e+06           40        2.484    0.0167412      0.14015      1.5e+30       206000   0.00234629  0.698132
       1e+06           45        2.484    0.0168322      0.16717      1.5e+30       206000   0.00281384  0.785398
       1e+06            5        2.484    0.0206169    0.0101171      1.5e+30       206000  0.000208583  0.0872665
       1e+06           50        2.484    0.0142301     0.183415      1.5e+30       206000   0.00261001  0.872665
       1e+06           55        2.484    0.0135976     0.206811      1.5e+30       206000   0.00281212  0.959931
       1e+06           60        2.484    0.0114993     0.233507      1.5e+30       206000   0.00268517    1.0472
       1e+06           65        2.484    0.0110954     0.251179      1.5e+30       206000   0.00278693   1.13446
       1e+06           70        2.484    0.0092123     0.275077      1.5e+30       206000   0.00253409   1.22173
       1e+06           75        2.484   0.00821061     0.244753      1.5e+30       206000   0.00200958     1.309
       1e+06           80        2.484   0.00868464     0.292498      1.5e+30       206000   0.00254024   1.39626
       1e+06           85        2.484   0.00777685      0.28525      1.5e+30       206000   0.00221834   1.48353
       1e+06           90        2.484   0.00627076     0.261963      1.5e+30       206000   0.00164271    1.5708
       1e+06           10        3.105    0.0188602    0.0292763      1.5e+30       206000  0.000552156  0.174533
       1e+06           15        3.105    0.0194411    0.0417186      1.5e+30       206000  0.000811054  0.261799
       1e+06           20        3.105    0.0206219    0.0550011      1.5e+30       206000   0.00113423  0.349066
       1e+06           25        3.105    0.0224304    0.0700036      1.5e+30       206000   0.00157021  0.436332
       1e+06           30        3.105    0.0217175    0.0744146      1.5e+30       206000    0.0016161  0.523599
       1e+06           35        3.105    0.0236043    0.0760164      1.5e+30       206000   0.00179431  0.610865
       1e+06           40        3.105    0.0203558     0.084839      1.5e+30       206000   0.00172696  0.698132
       1e+06           45        3.105    0.0203654    0.0988567      1.5e+30       206000   0.00201326  0.785398
       1e+06            5        3.105    0.0198032    0.0109601      1.5e+30       206000  0.000217045  0.0872665
       1e+06           50        3.105    0.0171431      0.10839      1.5e+30       206000   0.00185814  0.872665
       1e+06           55        3.105     0.016388     0.123453      1.5e+30       206000   0.00202314  0.959931
       1e+06           60        3.105    0.0139316     0.141515      1.5e+30       206000   0.00197152    1.0472
       1e+06           65        3.105    0.0135393     0.153684      1.5e+30       206000   0.00208077   1.13446
       1e+06           70        3.105    0.0113074     0.170071      1.5e+30       206000   0.00192305   1.22173
       1e+06           75        3.105    0.0100557      0.15303      1.5e+30       206000   0.00153883     1.309
       1e+06           80        3.105    0.0104997     0.182992      1.5e+30       206000   0.00192135   1.39626
       1e+06           85        3.105   0.00929259     0.179029      1.5e+30       206000   0.00166364   1.48353
       1e+06           90        3.105   0.00741659     0.165441      1.5e+30       206000   0.00122701    1.5708
       1e+06           10        3.726    0.0224473    0.0272576      1.5e+30       206000   0.00061186  0.174533
       1e+06           15        3.726    0.0230103    0.0360082      1.5e+30       206000  0.000828561  0.261799
       1e+06           20        3.726     0.024147    0.0427076      1.5e+30       206000   0.00103126  0.349066
       1e+06           25        3.726    0.0258684    0.0483163      1.5e+30       206000   0.00124987  0.436332
       1e+06           30        3.726    0.0247187    0.0438718      1.5e+30       206000   0.00108446  0.523599
       1e+06           35        3.726     0.026526    0.0336586      1.5e+30       206000  0.000892827  0.610865
       1e+06           40        3.726     0.022663     0.029646      1.5e+30       206000  0.000671869  0.698132
       1e+06           45        3.726    0.0224896    0.0307118      1.5e+30       206000  0.000690696  0.785398
       1e+06            5        3.726    0.0235697     0.011406      1.5e+30       206000  0.000268837  0.0872665
       1e+06           50        3.726    0.0187811    0.0333028      1.5e+30       206000  0.000625462  0.872665
       1e+06           55        3.726     0.017823    0.0402166      1.5e+30       206000   0.00071678  0.959931
       1e+06           60        3.726    0.0150676    0.0490355      1.5e+30       206000  0.000738847    1.0472
       1e+06           65        3.726    0.0145581    0.0565605      1.5e+30       206000  0.000823416   1.13446
       1e+06           70        3.726    0.0120975    0.0651485      1.5e+30       206000  0.000788134   1.22173
       1e+06           75        3.726     0.010737      0.06065      1.5e+30       206000  0.000651196     1.309
       1e+06           80        3.726    0.0112251    0.0732323      1.5e+30       206000   0.00082204   1.39626
       1e+06           85        3.726   0.00995046    0.0718418      1.5e+30       206000  0.000714859   1.48353
       1e+06           90        3.726   0.00794908    0.0664364      1.5e+30       206000  0.000528108    1.5708
       1e+06           10         4.14    0.0225266     0.026072      1.5e+30       206000  0.000587314  0.174533
       1e+06           15         4.14    0.0230769    0.0318094      1.5e+30       206000  0.000734062  0.261799
       1e+06           20         4.14    0.0241869    0.0345475      1.5e+30       206000  0.000835596  0.349066
       1e+06           25         4.14    0.0258658    0.0337643      1.5e+30       206000  0.000873341  0.436332
       1e+06           30         4.14    0.0246787    0.0232188      1.5e+30       206000  0.000573011  0.523599
       1e+06           35         4.14    0.0266113   0.00479509      1.5e+30       206000  0.000127604  0.610865
       1e+06           40         4.14    0.0230159  -0.00756091      1.5e+30       206000 -0.000174021  0.698132
       1e+06           45         4.14    0.0231715   -0.0152725      1.5e+30       206000 -0.000353886  0.785398
       1e+06            5         4.14    0.0236529    0.0116576      1.5e+30       206000  0.000275736  0.0872665
       1e+06           50         4.14    0.0196146   -0.0173654      1.5e+30       206000 -0.000340615  0.872665
       1e+06           55         4.14    0.0187661   -0.0159062      1.5e+30       206000 -0.000298497  0.959931
       1e+06           60         4.14    0.0158867   -0.0135312      1.5e+30       206000 -0.000214966    1.0472
       1e+06           65         4.14    0.0153456  -0.00908693      1.5e+30       206000 -0.000139445   1.13446
       1e+06           70         4.14     0.012748   -0.0057169      1.5e+30       206000 -7.28792e-05   1.22173
       1e+06           75         4.14    0.0113003  -0.00252008      1.5e+30       206000 -2.84777e-05     1.309
       1e+06           80         4.14    0.0117815 -0.000967346      1.5e+30       206000 -1.13968e-05   1.39626
       1e+06           85         4.14    0.0104191  -0.00120674      1.5e+30       206000 -1.25732e-05   1.48353
       1e+06           90         4.14   0.00830642  -0.00184708      1.5e+30       206000 -1.53426e-05    1.5708
       1e+06           10        4.554    0.0225278    0.0251348      1.5e+30       206000  0.000566231  0.174533
       1e+06           15        4.554    0.0230282    0.0278202      1.5e+30       206000  0.000640649  0.261799
       1e+06           20        4.554    0.0240348    0.0264072      1.5e+30       206000  0.000634692  0.349066
       1e+06           25        4.554    0.0255509    0.0189667      1.5e+30       206000  0.000484617  0.436332
       1e+06           30        4.554    0.0242529    0.0023272      1.5e+30       206000  5.64412e-05  0.523599
       1e+06           35        4.554    0.0262623   -0.0244904      1.5e+30       206000 -0.000643174  0.610865
       1e+06           40        4.554    0.0230741   -0.0452307      1.5e+30       206000  -0.00104366  0.698132
       1e+06           45        4.554    0.0236785    -0.061864      1.5e+30       206000  -0.00146485  0.785398
       1e+06            5        4.554    0.0236542    0.0118881      1.5e+30       206000  0.000281204  0.0872665
       1e+06           50        4.554    0.0203937   -0.0688714      1.5e+30       206000  -0.00140454  0.872665
       1e+06           55        4.554    0.0196086   -0.0730276      1.5e+30       206000  -0.00143197  0.959931
       1e+06           60        4.554    0.0164618   -0.0773189      1.5e+30       206000  -0.00127281    1.0472
       1e+06           65        4.554    0.0156949   -0.0758476      1.5e+30       206000  -0.00119042   1.13446
       1e+06           70        4.554    0.0128958   -0.0777413      1.5e+30       206000  -0.00100254   1.22173
       1e+06           75        4.554    0.0114259   -0.0674045      1.5e+30       206000 -0.000770156     1.309
       1e+06           80        4.554    0.0120637   -0.0764006      1.5e+30       206000 -0.000921675   1.39626
       1e+06           85        4.554    0.0107974   -0.0759093      1.5e+30       206000  -0.00081962   1.48353
       1e+06           90        4.554   0.00867117   -0.0724307      1.5e+30       206000 -0.000628059    1.5708
       1e+06           10        5.175    0.0223354    0.0241926      1.5e+30       206000   0.00054035  0.174533
       1e+06           15        5.175    0.0227845    0.0240602      1.5e+30       206000  0.000548201  0.261799
       1e+06           20        5.175    0.0236858    0.0183832      1.5e+30       206000   0.00043542  0.349066
       1e+06           25        5.175    0.0250375   0.00402072      1.5e+30       206000  0.000100669  0.436332
       1e+06           30        5.175     0.023649   -0.0189818      1.5e+30       206000 -0.000448899  0.523599
       1e+06           35        5.175    0.0254356   -0.0543192      1.5e+30       206000  -0.00138164  0.610865
       1e+06           40        5.175    0.0221777    -0.084354      1.5e+30       206000  -0.00187078  0.698132
       1e+06           45        5.175    0.0225814    -0.110908      1.5e+30       206000  -0.00250445  0.785398
       1e+06            5        5.175    0.0234521    0.0120744      1.5e+30       206000  0.000283171  0.0872665
       1e+06           50        5.175    0.0193197    -0.124102      1.5e+30       206000  -0.00239761  0.872665
       1e+06           55        5.175    0.0186105    -0.135088      1.5e+30       206000  -0.00251405  0.959931
       1e+06           60        5.175    0.0157851    -0.147613      1.5e+30       206000  -0.00233007    1.0472
       1e+06           65        5.175    0.0152606    -0.149955      1.5e+30       206000   -0.0022884   1.13446
       1e+06           70        5.175    0.0126918    -0.158013      1.5e+30       206000  -0.00200546   1.22173
       1e+06           75        5.175    0.0113157    -0.141479      1.5e+30       206000  -0.00160094     1.309
       1e+06           80        5.175    0.0119547    -0.161348      1.5e+30       206000  -0.00192886   1.39626
       1e+06           85        5.175    0.0106922    -0.160747      1.5e+30       206000  -0.00171873   1.48353
       1e+06           90        5.175   0.00858065    -0.153656      1.5e+30       206000  -0.00131847    1.5708
       1e+06           10        5.796     0.022535    0.0249237      1.5e+30       206000  0.000561656  0.174533
       1e+06           15        5.796    0.0228523    0.0254824      1.5e+30       206000  0.000582333  0.261799
       1e+06           20        5.796    0.0234843    0.0208967      1.5e+30       206000  0.000490745  0.349066
       1e+06           25        5.796    0.0244211   0.00797127      1.5e+30       206000  0.000194667  0.436332
       1e+06           30        5.796    0.0227406   -0.0134699      1.5e+30       206000 -0.000306313  0.523599
       1e+06           35        5.796    0.0240921   -0.0469202      1.5e+30       206000   -0.0011304  0.610865
       1e+06           40        5.796    0.0207412    -0.076594      1.5e+30       206000  -0.00158865  0.698132
       1e+06           45        5.796    0.0208713    -0.103884      1.5e+30       206000  -0.00216819  0.785398
       1e+06            5        5.796    0.0236617    0.0120521      1.5e+30       206000  0.000285174  0.0872665
       1e+06           50        5.796    0.0176754    -0.119351      1.5e+30       206000  -0.00210958  0.872665
       1e+06           55        5.796    0.0170522     -0.13279      1.5e+30       206000  -0.00226437  0.959931
       1e+06           60        5.796    0.0146553    -0.147986      1.5e+30       206000  -0.00216879    1.0472
       1e+06           65        5.796     0.014427    -0.152395      1.5e+30       206000  -0.00219861   1.13446
       1e+06           70        5.796    0.0121891    -0.162591      1.5e+30       206000  -0.00198185   1.22173
       1e+06           75        5.796    0.0109678    -0.148228      1.5e+30       206000  -0.00162572     1.309
       1e+06           80        5.796    0.0116267    -0.168749      1.5e+30       206000    -0.001962   1.39626
       1e+06           85        5.796     0.010413    -0.169005      1.5e+30       206000  -0.00175985   1.48353
       1e+06           90        5.796   0.00835676    -0.162674      1.5e+30       206000  -0.00135943    1.5708
       1e+06           10         6.21    0.0221799    0.0252295      1.5e+30       206000  0.000559588  0.174533
       1e+06           15         6.21    0.0224539    0.0266602      1.5e+30       206000  0.000598627  0.261799
       1e+06           20         6.21    0.0229985    0.0225385      1.5e+30       206000  0.000518352  0.349066
       1e+06           25         6.21    0.0238029    0.0105714      1.5e+30       206000   0.00025163  0.436332
       1e+06           30         6.21     0.022074  -0.00984891      1.5e+30       206000 -0.000217404  0.523599
       1e+06           35         6.21    0.0232296   -0.0418984      1.5e+30       206000 -0.000973284  0.610865
       1e+06           40         6.21    0.0198266   -0.0714295      1.5e+30       206000   -0.0014162  0.698132
       1e+06           45         6.21    0.0197696   -0.0991786      1.5e+30       206000  -0.00196072  0.785398
       1e+06            5         6.21    0.0232889    0.0120303      1.5e+30       206000  0.000280172  0.0872665
       1e+06           50         6.21    0.0166068    -0.116092      1.5e+30       206000  -0.00192792  0.872665
       1e+06           55         6.21    0.0160072    -0.131185      1.5e+30       206000  -0.00209991  0.959931
       1e+06           60         6.21    0.0138487    -0.148156      1.5e+30       206000  -0.00205176    1.0472
       1e+06           65         6.21    0.0137633    -0.154155      1.5e+30       206000  -0.00212168   1.13446
       1e+06           70         6.21    0.0117239    -0.165696      1.5e+30       206000  -0.00194261   1.22173
       1e+06           75         6.21    0.0105874    -0.152801      1.5e+30       206000  -0.00161776     1.309
       1e+06           80         6.21    0.0112116    -0.173852      1.5e+30       206000  -0.00194917   1.39626
       1e+06           85         6.21    0.0100238    -0.174622      1.5e+30       206000  -0.00175038   1.48353
       1e+06           90         6.21   0.00803852    -0.168655      1.5e+30       206000  -0.00135573    1.5708
       1e+06           10        6.831    0.0216822    0.0255739      1.5e+30       206000    0.0005545  0.174533
       1e+06           15        6.831    0.0219002    0.0282583      1.5e+30       206000  0.000618862  0.261799
       1e+06           20        6.831     0.022332    0.0250101      1.5e+30       206000  0.000558527  0.349066
       1e+06           25        6.831     0.022967    0.0145048      1.5e+30       206000  0.000333131  0.436332
       1e+06           30        6.831    0.0211815  -0.00433334      1.5e+30       206000 -9.17869e-05  0.523599
       1e+06           35        6.831    0.0220885   -0.0343005      1.5e+30       206000 -0.000757648  0.610865
       1e+06           40        6.831    0.0186294   -0.0634127      1.5e+30       206000  -0.00118134  0.698132
       1e+06           45        6.831    0.0183432   -0.0918926      1.5e+30       206000   -0.0016856  0.785398
       1e+06            5        6.831    0.0227663    0.0119784      1.5e+30       206000  0.000272704  0.0872665
       1e+06           50        6.831    0.0152359    -0.111056      1.5e+30       206000  -0.00169204  0.872665
       1e+06           55        6.831     0.014668    -0.128785      1.5e+30       206000  -0.00188901  0.959931
       1e+06           60        6.831     0.012807    -0.148314      1.5e+30       206000  -0.00189947    1.0472
       1e+06           65        6.831    0.0128967    -0.156835      1.5e+30       206000  -0.00202266   1.13446
       1e+06           70        6.831    0.0111104    -0.170492      1.5e+30       206000  -0.00189422   1.22173
       1e+06           75        6.831    0.0100834     -0.15981      1.5e+30       206000  -0.00161143     1.309
       1e+06           80        6.831    0.0106623    -0.181583      1.5e+30       206000  -0.00193609   1.39626
       1e+06           85        6.831    0.0095098     -0.18318      1.5e+30       206000    -0.001742   1.48353
       1e+06           90        6.831    0.0076107    -0.177851      1.5e+30       206000  -0.00135357    1.5708
       1e+06           10        7.659    0.0210996    0.0262174      1.5e+30       206000  0.000553174  0.174533
       1e+06           15        7.659    0.0211986     0.030252      1.5e+30       206000    0.0006413  0.261799
       1e+06           20        7.659    0.0213935    0.0283222      1.5e+30       206000  0.000605911  0.349066
       1e+06           25        7.659     0.021677    0.0198201      1.5e+30       206000   0.00042964  0.436332
       1e+06           30        7.659    0.0197346   0.00322787      1.5e+30       206000  6.37008e-05  0.523599
       1e+06           35        7.659    0.0206062   -0.0240674      1.5e+30       206000 -0.000495937  0.610865
       1e+06           40        7.659    0.0177388   -0.0526382      1.5e+30       206000 -0.000933737  0.698132
       1e+06           45        7.659    0.0179291   -0.0820093      1.5e+30       206000  -0.00147035  0.785398
       1e+06            5        7.659    0.0221545    0.0118554      1.5e+30       206000  0.000262651  0.0872665
       1e+06           50        7.659    0.0152488    -0.103963      1.5e+30       206000  -0.00158531  0.872665
       1e+06           55        7.659    0.0147653     -0.12538      1.5e+30       206000  -0.00185127  0.959931
       1e+06           60        7.659    0.0127215    -0.148246      1.5e+30       206000  -0.00188592    1.0472
       1e+06           65        7.659     0.012555    -0.160314      1.5e+30       206000  -0.00201274   1.13446
       1e+06           70        7.659    0.0106281    -0.176821      1.5e+30       206000  -0.00187928   1.22173
       1e+06           75        7.659   0.00954266    -0.169204      1.5e+30       206000  -0.00161466     1.309
       1e+06           80        7.659     0.010037    -0.192042      1.5e+30       206000  -0.00192752   1.39626
       1e+06           85        7.659    0.0089269    -0.194653      1.5e+30       206000  -0.00173765   1.48353
       1e+06           90        7.659   0.00712537    -0.190166      1.5e+30       206000    -0.001355    1.5708
       1e+06           10         8.28    0.0207115    0.0266368      1.5e+30       206000  0.000551688  0.174533
       1e+06           15         8.28    0.0207032    0.0319993      1.5e+30       206000  0.000662487  0.261799
       1e+06           20         8.28    0.0206869    0.0308388      1.5e+30       206000   0.00063796  0.349066
       1e+06           25         8.28    0.0206635    0.0238763      1.5e+30       206000  0.000493367  0.436332
       1e+06           30         8.28    0.0185788   0.00899161      1.5e+30       206000  0.000167053  0.523599
       1e+06           35         8.28    0.0192233   -0.0162222      1.5e+30       206000 -0.000311844  0.610865
       1e+06           40         8.28    0.0165104   -0.0442072      1.5e+30       206000 -0.000729879  0.698132
       1e+06           45         8.28    0.0166853   -0.0742811      1.5e+30       206000   -0.0012394  0.785398
       1e+06            5         8.28    0.0217471    0.0117414      1.5e+30       206000   0.00025534  0.0872665
       1e+06           50         8.28    0.0141873   -0.0982049      1.5e+30       206000  -0.00139327  0.872665
       1e+06           55         8.28    0.0137192    -0.122609      1.5e+30       206000   -0.0016821  0.959931
       1e+06           60         8.28    0.0117941    -0.148035      1.5e+30       206000  -0.00174594    1.0472
       1e+06           65         8.28    0.0116077    -0.162819      1.5e+30       206000  -0.00188995   1.13446
       1e+06           70         8.28   0.00980344    -0.181596      1.5e+30       206000  -0.00178026   1.22173
       1e+06           75         8.28   0.00879866     -0.17618      1.5e+30       206000  -0.00155014     1.309
       1e+06           80         8.28   0.00927195    -0.199906      1.5e+30       206000  -0.00185352   1.39626
       1e+06           85         8.28   0.00826186    -0.203264      1.5e+30       206000  -0.00167934   1.48353
       1e+06           90         8.28   0.00660702    -0.199224      1.5e+30       206000  -0.00131628    1.5708
       1e+06           10        8.694    0.0202111    0.0269266      1.5e+30       206000  0.000544217  0.174533
       1e+06           15        8.694    0.0201638    0.0329542      1.5e+30       206000  0.000664482  0.261799
       1e+06           20        8.694    0.0200714    0.0325447      1.5e+30       206000  0.000653218  0.349066
       1e+06           25        8.694    0.0199389     0.026609      1.5e+30       206000  0.000530555  0.436332
       1e+06           30        8.694    0.0178416    0.0128354      1.5e+30       206000  0.000229004  0.523599
       1e+06           35        8.694    0.0183957   -0.0108527      1.5e+30       206000 -0.000199642  0.610865
       1e+06           40        8.694    0.0157851   -0.0384783      1.5e+30       206000 -0.000607385  0.698132
       1e+06           45        8.694    0.0159511   -0.0689245      1.5e+30       206000  -0.00109942  0.785398
       1e+06            5        8.694    0.0212217    0.0116609      1.5e+30       206000  0.000247463  0.0872665
       1e+06           50        8.694    0.0135605   -0.0943248      1.5e+30       206000  -0.00127909  0.872665
       1e+06           55        8.694    0.0130992    -0.120617      1.5e+30       206000  -0.00157999  0.959931
       1e+06           60        8.694     0.011241    -0.147759      1.5e+30       206000  -0.00166097    1.0472
       1e+06           65        8.694    0.0110388     -0.16451      1.5e+30       206000    -0.001816   1.13446
       1e+06           70        8.694   0.00930543    -0.184701      1.5e+30       206000  -0.00171872   1.22173
       1e+06           75        8.694   0.00834735    -0.180883      1.5e+30       206000  -0.00150989     1.309
       1e+06           80        8.694   0.00880554     -0.20514      1.5e+30       206000  -0.00180637   1.39626
       1e+06           85        8.694   0.00785481    -0.208997      1.5e+30       206000  -0.00164163   1.48353
       1e+06           90        8.694   0.00628876    -0.205211      1.5e+30       206000  -0.00129053    1.5708
       1e+06           10        9.315    0.0194454     0.027304      1.5e+30       206000  0.000530936  0.174533
       1e+06           15        9.315    0.0193542     0.034553      1.5e+30       206000  0.000668746  0.261799
       1e+06           20        9.315    0.0191768    0.0350828      1.5e+30       206000  0.000672777  0.349066
       1e+06           25        9.315    0.0189237    0.0306946      1.5e+30       206000  0.000580854  0.436332
       1e+06           30        9.315    0.0168348    0.0186751      1.5e+30       206000  0.000314392  0.523599
       1e+06           35        9.315    0.0172834  -0.00273975      1.5e+30       206000 -4.73521e-05  0.610865
       1e+06           40        9.315    0.0148139   -0.0297383      1.5e+30       206000 -0.000440541  0.698132
       1e+06           45        9.315    0.0149679   -0.0608619      1.5e+30       206000 -0.000910975  0.785398
       1e+06            5        9.315    0.0204177     0.011529      1.5e+30       206000  0.000235395  0.0872665
       1e+06           50        9.315    0.0127214   -0.0883239      1.5e+30       206000  -0.00112361  0.872665
       1e+06           55        9.315    0.0122703    -0.117516      1.5e+30       206000  -0.00144195  0.959931
       1e+06           60        9.315    0.0105032    -0.147313      1.5e+30       206000  -0.00154726    1.0472
       1e+06           65        9.315     0.010282    -0.166848      1.5e+30       206000  -0.00171552   1.13446
       1e+06           70        9.315   0.00864433    -0.189376      1.5e+30       206000  -0.00163703   1.22173
       1e+06           75        9.315    0.0077486    -0.187786      1.5e+30       206000  -0.00145508     1.309
       1e+06           80        9.315   0.00818599    -0.213019      1.5e+30       206000  -0.00174377   1.39626
       1e+06           85        9.315   0.00731341    -0.217556      1.5e+30       206000  -0.00159107   1.48353
       1e+06           90        9.315   0.00585785    -0.214303      1.5e+30       206000  -0.00125536    1.5708
       1e+06           10        9.729    0.0190372     0.027716      1.5e+30       206000  0.000527634  0.174533
       1e+06           15        9.729    0.0189143    0.0355802      1.5e+30       206000  0.000672973  0.261799
       1e+06           20        9.729    0.0186757    0.0367182      1.5e+30       206000  0.000685738  0.349066
       1e+06           25        9.729    0.0183364    0.0334641      1.5e+30       206000  0.000613611  0.436332
       1e+06           30        9.729    0.0162406    0.0225942      1.5e+30       206000  0.000366944  0.523599
       1e+06           35        9.729    0.0166193   0.00274233      1.5e+30       206000  4.55756e-05  0.610865
       1e+06           40        9.729    0.0142328   -0.0237806      1.5e+30       206000 -0.000338464  0.698132
       1e+06           45        9.729    0.0143797   -0.0553566      1.5e+30       206000 -0.000796009  0.785398
       1e+06            5        9.729     0.019989    0.0114354      1.5e+30       206000  0.000228583  0.0872665
       1e+06           50        9.729    0.0122195   -0.0841926      1.5e+30       206000  -0.00102879  0.872665
       1e+06           55        9.729    0.0117751    -0.115309      1.5e+30       206000  -0.00135777  0.959931
       1e+06           60        9.729    0.0100633    -0.146831      1.5e+30       206000  -0.00147761    1.0472
       1e+06           65        9.729   0.00983188    -0.168377      1.5e+30       206000  -0.00165546   1.13446
       1e+06           70        9.729   0.00825203      -0.1925      1.5e+30       206000  -0.00158851   1.22173
       1e+06           75        9.729   0.00739351    -0.192417      1.5e+30       206000  -0.00142264     1.309
       1e+06           80        9.729   0.00781812    -0.218275      1.5e+30       206000   -0.0017065   1.39626
       1e+06           85        9.729   0.00699153    -0.223256      1.5e+30       206000   -0.0015609   1.48353
       1e+06           90        9.729   0.00560158    -0.220298      1.5e+30       206000  -0.00123401    1.5708
       1e+06           10        10.35    0.0184709    0.0294918      1.5e+30       206000  0.000544741  0.174533
       1e+06           15        10.35    0.0183557    0.0378749      1.5e+30       206000   0.00069522  0.261799
       1e+06           20        10.35     0.018132    0.0395446      1.5e+30       206000  0.000717022  0.349066
       1e+06           25        10.35    0.0178137     0.037639      1.5e+30       206000   0.00067049  0.436332
       1e+06           30        10.35    0.0157863     0.028548      1.5e+30       206000  0.000450667  0.523599
       1e+06           35        10.35    0.0161788    0.0105615      1.5e+30       206000  0.000170872  0.610865
       1e+06           40        10.35      0.01389   -0.0145602      1.5e+30       206000 -0.000202242  0.698132
       1e+06           45        10.35    0.0140718   -0.0452626      1.5e+30       206000 -0.000636924  0.785398
       1e+06            5        10.35    0.0193945    0.0121879      1.5e+30       206000  0.000236377  0.0872665
       1e+06           50        10.35    0.0119808   -0.0745558      1.5e+30       206000 -0.000893237  0.872665
       1e+06           55        10.35    0.0114926    -0.106417      1.5e+30       206000  -0.00122301  0.959931
       1e+06           60        10.35   0.00971939    -0.138567      1.5e+30       206000  -0.00134679    1.0472
       1e+06           65        10.35   0.00936859    -0.161634      1.5e+30       206000  -0.00151428   1.13446
       1e+06           70        10.35    0.0077718    -0.186542      1.5e+30       206000  -0.00144977   1.22173
       1e+06           75        10.35   0.00692359    -0.188829      1.5e+30       206000  -0.00130737     1.309
       1e+06           80        10.35   0.00732291    -0.214319      1.5e+30       206000  -0.00156944   1.39626
       1e+06           85        10.35   0.00655773    -0.219854      1.5e+30       206000  -0.00144174   1.48353
       1e+06           90        10.35   0.00525608    -0.217708      1.5e+30       206000  -0.00114429    1.5708
