      900000           10         2.07    0.0149363   -0.0207939   1.0935e+30       206000 -0.000310583 
      900000           15         2.07    0.0134821   -0.0488658   1.0935e+30       206000 -0.000658814 
      900000           20         2.07     0.016241    -0.080994   1.0935e+30       206000  -0.00131542 
      900000           25         2.07     0.015046    -0.114567   1.0935e+30       206000  -0.00172378 
      900000           30         2.07    0.0164228    -0.149731   1.0935e+30       206000  -0.00245901 
      900000           35         2.07    0.0149118    -0.180097   1.0935e+30       206000  -0.00268556 
      900000           40         2.07    0.0154224    -0.216517   1.0935e+30       206000   -0.0033392 
      900000           45         2.07    0.0139177    -0.259383   1.0935e+30       206000  -0.00361001 
      900000            5         2.07    0.0157224    -0.005745   1.0935e+30       206000 -9.03253e-05 
      900000           50         2.07    0.0133066     -0.30204   1.0935e+30       206000  -0.00401912 
      900000           55         2.07    0.0120291    -0.342812   1.0935e+30       206000  -0.00412371 
      900000           60         2.07    0.0101989    -0.377824   1.0935e+30       206000   -0.0038534 
      900000           65         2.07   0.00990862    -0.412623   1.0935e+30       206000  -0.00408853 
      900000           70         2.07   0.00757752    -0.437877   1.0935e+30       206000  -0.00331802 
      900000           75         2.07   0.00806831    -0.456779   1.0935e+30       206000  -0.00368544 
      900000           80         2.07   0.00789242    -0.469639   1.0935e+30       206000  -0.00370659 
      900000           85         2.07   0.00712619    -0.477585   1.0935e+30       206000  -0.00340336 
      900000           90         2.07   0.00637008    -0.480587   1.0935e+30       206000  -0.00306138 
      900000           10        2.484     0.019586   -0.0197621   1.0935e+30       206000 -0.000387061 
      900000           15        2.484    0.0176086   -0.0450133   1.0935e+30       206000 -0.000792623 
      900000           20        2.484    0.0209853   -0.0719431   1.0935e+30       206000  -0.00150975 
      900000           25        2.484    0.0191883   -0.0993906   1.0935e+30       206000  -0.00190714 
      900000           30        2.484    0.0206287    -0.125536   1.0935e+30       206000  -0.00258965 
      900000           35        2.484     0.018508    -0.146075   1.0935e+30       206000  -0.00270356 
      900000           40        2.484    0.0190038    -0.172145   1.0935e+30       206000  -0.00327141 
      900000           45        2.484      0.01706    -0.204131   1.0935e+30       206000  -0.00348246 
      900000            5        2.484    0.0206169  -0.00546497   1.0935e+30       206000 -0.000112671 
      900000           50        2.484    0.0162275    -0.237069   1.0935e+30       206000  -0.00384703 
      900000           55        2.484    0.0145938    -0.269606   1.0935e+30       206000  -0.00393456 
      900000           60        2.484    0.0123096    -0.298103   1.0935e+30       206000  -0.00366953 
      900000           65        2.484    0.0118894    -0.326932   1.0935e+30       206000  -0.00388703 
      900000           70        2.484   0.00904182    -0.348297   1.0935e+30       206000  -0.00314924 
      900000           75        2.484   0.00957364    -0.364206   1.0935e+30       206000  -0.00348677 
      900000           80        2.484   0.00930089    -0.375216   1.0935e+30       206000  -0.00348984 
      900000           85        2.484   0.00834481    -0.381817   1.0935e+30       206000  -0.00318619 
      900000           90        2.484    0.0074068    -0.384126   1.0935e+30       206000  -0.00284515 
      900000           10        8.694    0.0201606   -0.0162645   1.0935e+30       206000 -0.000327902 
      900000           15        8.694    0.0180081   -0.0298722   1.0935e+30       206000 -0.000537942 
      900000           20        8.694      0.02109   -0.0328572   1.0935e+30       206000  -0.00069296 
      900000           25        8.694    0.0188751   -0.0300377   1.0935e+30       206000 -0.000566965 
      900000           30        8.694    0.0197955   -0.0157239   1.0935e+30       206000 -0.000311263 
      900000           35        8.694    0.0174625   0.00660556   1.0935e+30       206000   0.00011535 
      900000           40        8.694    0.0178831    0.0346641   1.0935e+30       206000  0.000619903 
      900000           45        8.694    0.0161326     0.068491   1.0935e+30       206000   0.00110494 
      900000            5        8.694    0.0212217  -0.00454922   1.0935e+30       206000 -9.65421e-05 
      900000           50        8.694    0.0154204     0.101541   1.0935e+30       206000   0.00156579 
      900000           55        8.694    0.0139708     0.133045   1.0935e+30       206000   0.00185874 
      900000           60        8.694    0.0119231     0.160067   1.0935e+30       206000    0.0019085 
      900000           65        8.694     0.011711     0.185025   1.0935e+30       206000   0.00216683 
      900000           70        8.694   0.00905061     0.204407   1.0935e+30       206000   0.00185001 
      900000           75        8.694   0.00969775     0.218767   1.0935e+30       206000   0.00212155 
      900000           80        8.694    0.0094611     0.229423   1.0935e+30       206000    0.0021706 
      900000           85        8.694   0.00845861     0.237016   1.0935e+30       206000   0.00200482 
      900000           90        8.694   0.00747828     0.241022   1.0935e+30       206000   0.00180243 
      900000           10        4.554    0.0224715   -0.0146032   1.0935e+30       206000 -0.000328155 
      900000           15        4.554    0.0204256   -0.0262839   1.0935e+30       206000 -0.000536866 
      900000           20        4.554    0.0250698   -0.0277699   1.0935e+30       206000 -0.000696186 
      900000           25        4.554    0.0237561   -0.0242107   1.0935e+30       206000 -0.000575153 
      900000           30        4.554    0.0266208  -0.00494324   1.0935e+30       206000 -0.000131593 
      900000           35        4.554    0.0247043    0.0237754   1.0935e+30       206000  0.000587356 
      900000           40        4.554    0.0259747    0.0494695   1.0935e+30       206000   0.00128496 
      900000           45        4.554    0.0237932    0.0718647   1.0935e+30       206000   0.00170989 
      900000            5        4.554    0.0236542  -0.00406481   1.0935e+30       206000 -9.61496e-05 
      900000           50        4.554    0.0230841    0.0874153   1.0935e+30       206000    0.0020179 
      900000           55        4.554    0.0210226    0.0959763   1.0935e+30       206000   0.00201767 
      900000           60        4.554     0.017725     0.100178   1.0935e+30       206000   0.00177565 
      900000           65        4.554    0.0169327     0.101189   1.0935e+30       206000   0.00171341 
      900000           70        4.554    0.0127369    0.0994771   1.0935e+30       206000   0.00126703 
      900000           75        4.554    0.0133698    0.0984145   1.0935e+30       206000   0.00131578 
      900000           80        4.554    0.0129252    0.0967454   1.0935e+30       206000   0.00125045 
      900000           85        4.554    0.0115912      0.09695   1.0935e+30       206000   0.00112377 
      900000           90        4.554    0.0102831    0.0981698   1.0935e+30       206000   0.00100949 
      900000           10         6.21    0.0221245   -0.0143999   1.0935e+30       206000  -0.00031859 
      900000           15         6.21    0.0199709   -0.0247257   1.0935e+30       206000 -0.000493793 
      900000           20         6.21    0.0240588    -0.023021   1.0935e+30       206000 -0.000553858 
      900000           25         6.21    0.0222901    -0.015223   1.0935e+30       206000 -0.000339323 
      900000           30         6.21    0.0243316   0.00889582   1.0935e+30       206000  0.000216449 
      900000           35         6.21    0.0220334    0.0425821   1.0935e+30       206000  0.000938228 
      900000           40         6.21    0.0225809    0.0764457   1.0935e+30       206000   0.00172622 
      900000           45         6.21    0.0201072     0.110494   1.0935e+30       206000   0.00222172 
      900000            5         6.21    0.0232889  -0.00402062   1.0935e+30       206000 -9.36358e-05 
      900000           50         6.21     0.018973     0.138868   1.0935e+30       206000   0.00263474 
      900000           55         6.21    0.0170629     0.161103   1.0935e+30       206000   0.00274888 
      900000           60         6.21    0.0146015     0.177592   1.0935e+30       206000   0.00259311 
      900000           65         6.21    0.0145023     0.190729   1.0935e+30       206000   0.00276601 
      900000           70         6.21    0.0113308      0.19874   1.0935e+30       206000   0.00225188 
      900000           75         6.21    0.0122502     0.204877   1.0935e+30       206000   0.00250979 
      900000           80         6.21    0.0120233     0.208587   1.0935e+30       206000   0.00250791 
      900000           85         6.21    0.0107717     0.212196   1.0935e+30       206000   0.00228571 
      900000           90         6.21   0.00954539     0.214839   1.0935e+30       206000   0.00205072 
      900000           10         8.28    0.0206597   -0.0159537   1.0935e+30       206000 -0.000329599 
      900000           15         8.28    0.0184797   -0.0290169   1.0935e+30       206000 -0.000536223 
      900000           20         8.28    0.0217239   -0.0312302   1.0935e+30       206000 -0.000678443 
      900000           25         8.28    0.0195328   -0.0275791   1.0935e+30       206000 -0.000538699 
      900000           30         8.28    0.0205952   -0.0116547   1.0935e+30       206000 -0.000240032 
      900000           35         8.28    0.0182391    0.0125983   1.0935e+30       206000  0.000229781 
      900000           40         8.28    0.0187039     0.041658   1.0935e+30       206000  0.000779169 
      900000           45         8.28    0.0168747    0.0755199   1.0935e+30       206000   0.00127437 
      900000            5         8.28    0.0217471  -0.00446112   1.0935e+30       206000 -9.70162e-05 
      900000           50         8.28    0.0161309     0.107786   1.0935e+30       206000   0.00173868 
      900000           55         8.28    0.0146222     0.137736   1.0935e+30       206000   0.00201401 
      900000           60         8.28    0.0124954     0.162995   1.0935e+30       206000   0.00203669 
      900000           65         8.28    0.0122989     0.185985   1.0935e+30       206000   0.00228742 
      900000           70         8.28   0.00952428     0.203467   1.0935e+30       206000   0.00193788 
      900000           75         8.28    0.0102195     0.216453   1.0935e+30       206000   0.00221204 
      900000           80         8.28   0.00997141     0.225946   1.0935e+30       206000     0.002253 
      900000           85         8.28   0.00890593     0.232876   1.0935e+30       206000   0.00207398 
      900000           90         8.28     0.007865     0.236657   1.0935e+30       206000    0.0018613 
      900000           10        7.659    0.0210468   -0.0154876   1.0935e+30       206000 -0.000325964 
      900000           15        7.659    0.0188948   -0.0277377   1.0935e+30       206000 -0.000524097 
      900000           20        7.659    0.0224313   -0.0287785   1.0935e+30       206000 -0.000645538 
      900000           25        7.659    0.0204138   -0.0238727   1.0935e+30       206000 -0.000487333 
      900000           30        7.659    0.0218265  -0.00548279   1.0935e+30       206000  -0.00011967 
      900000           35        7.659    0.0195262    0.0216218   1.0935e+30       206000  0.000422193 
      900000           40        7.659    0.0200937    0.0521496   1.0935e+30       206000   0.00104788 
      900000           45        7.659    0.0181315    0.0860634   1.0935e+30       206000   0.00156046 
      900000            5        7.659    0.0221545  -0.00432897   1.0935e+30       206000 -9.59062e-05 
      900000           50        7.659    0.0173346     0.117154   1.0935e+30       206000   0.00203081 
      900000           55        7.659    0.0157239     0.144767   1.0935e+30       206000    0.0022763 
      900000           60        7.659    0.0134587      0.16738   1.0935e+30       206000   0.00225272 
      900000           65        7.659    0.0132818     0.187415   1.0935e+30       206000   0.00248921 
      900000           70        7.659    0.0103113     0.202053   1.0935e+30       206000   0.00208343 
      900000           75        7.659     0.011082     0.212979   1.0935e+30       206000   0.00236024 
      900000           80        7.659    0.0108112      0.22073   1.0935e+30       206000   0.00238635 
      900000           85        7.659   0.00963946     0.226668   1.0935e+30       206000   0.00218495 
      900000           90        7.659   0.00849656     0.230109   1.0935e+30       206000   0.00195513 
      900000           10        3.726    0.0223912   -0.0166668   1.0935e+30       206000 -0.000373188 
      900000           15        3.726    0.0203936   -0.0338895   1.0935e+30       206000  -0.00069113 
      900000           20        3.726    0.0251656   -0.0456721   1.0935e+30       206000  -0.00114937 
      900000           25        3.726    0.0240016   -0.0544357   1.0935e+30       206000  -0.00130655 
      900000           30        3.726    0.0270995   -0.0532737   1.0935e+30       206000  -0.00144369 
      900000           35        3.726    0.0251104   -0.0442793   1.0935e+30       206000  -0.00111187 
      900000           40        3.726    0.0258596   -0.0392981   1.0935e+30       206000  -0.00101623 
      900000           45        3.726    0.0229199   -0.0386262   1.0935e+30       206000 -0.000885308 
      900000            5        3.726    0.0235697  -0.00462487   1.0935e+30       206000 -0.000109007 
      900000           50        3.726    0.0215267   -0.0424002   1.0935e+30       206000 -0.000912737 
      900000           55        3.726    0.0191775   -0.0502353   1.0935e+30       206000 -0.000963388 
      900000           60        3.726    0.0161213   -0.0591306   1.0935e+30       206000 -0.000953263 
      900000           65        3.726    0.0155878   -0.0700694   1.0935e+30       206000  -0.00109223 
      900000           70        3.726    0.0118693    -0.079638   1.0935e+30       206000 -0.000945247 
      900000           75        3.726    0.0125569    -0.086627   1.0935e+30       206000  -0.00108776 
      900000           80        3.726    0.0121249    -0.092024   1.0935e+30       206000  -0.00111579 
      900000           85        3.726    0.0107779   -0.0945516   1.0935e+30       206000  -0.00101907 
      900000           90        3.726   0.00946774    -0.094753   1.0935e+30       206000 -0.000897097 
      900000           10        3.105    0.0188131   -0.0182144   1.0935e+30       206000 -0.000342669 
      900000           15        3.105    0.0172032   -0.0396504   1.0935e+30       206000 -0.000682115 
      900000           20        3.105    0.0214562   -0.0592237   1.0935e+30       206000  -0.00127072 
      900000           25        3.105    0.0207265   -0.0771918   1.0935e+30       206000  -0.00159992 
      900000           30        3.105    0.0237531    -0.089607   1.0935e+30       206000  -0.00212844 
      900000           35        3.105     0.022278   -0.0952611   1.0935e+30       206000  -0.00212223 
      900000           40        3.105    0.0231495    -0.105691   1.0935e+30       206000   -0.0024467 
      900000           45        3.105     0.020684    -0.121349   1.0935e+30       206000  -0.00250999 
      900000            5        3.105    0.0198032  -0.00504492   1.0935e+30       206000 -9.99056e-05 
      900000           50        3.105    0.0195807    -0.139711   1.0935e+30       206000  -0.00273564 
      900000           55        3.105    0.0175711    -0.159937   1.0935e+30       206000  -0.00281028 
      900000           60        3.105    0.0148591    -0.178653   1.0935e+30       206000  -0.00265463 
      900000           65        3.105    0.0144489    -0.198547   1.0935e+30       206000  -0.00286879 
      900000           70        3.105    0.0110609    -0.213985   1.0935e+30       206000  -0.00236687 
      900000           75        3.105    0.0117472    -0.225418   1.0935e+30       206000  -0.00264802 
      900000           80        3.105    0.0113566    -0.233597   1.0935e+30       206000  -0.00265288 
      900000           85        3.105    0.0100802    -0.238174   1.0935e+30       206000  -0.00240085 
      900000           90        3.105   0.00884042     -0.23944   1.0935e+30       206000  -0.00211675 
      900000           10        5.796    0.0224786   -0.0140892   1.0935e+30       206000 -0.000316705 
      900000           15        5.796    0.0203154   -0.0238612   1.0935e+30       206000  -0.00048475 
      900000           20        5.796    0.0245544   -0.0213692   1.0935e+30       206000 -0.000524708 
      900000           25        5.796    0.0228401   -0.0127498   1.0935e+30       206000 -0.000291206 
      900000           30        5.796    0.0250477    0.0130069   1.0935e+30       206000  0.000325793 
      900000           35        5.796     0.022799    0.0486445   1.0935e+30       206000   0.00110905 
      900000           40        5.796    0.0235354    0.0835591   1.0935e+30       206000    0.0019666 
      900000           45        5.796    0.0211463     0.117635   1.0935e+30       206000   0.00248754 
      900000            5        5.796    0.0236617  -0.00393252   1.0935e+30       206000 -9.30502e-05 
      900000           50        5.796    0.0201306     0.145208   1.0935e+30       206000   0.00292313 
      900000           55        5.796    0.0181908     0.165788   1.0935e+30       206000   0.00301582 
      900000           60        5.796     0.015526     0.180464   1.0935e+30       206000   0.00280187 
      900000           65        5.796    0.0152842     0.191638   1.0935e+30       206000   0.00292902 
      900000           70        5.796    0.0118385     0.197777   1.0935e+30       206000   0.00234139 
      900000           75        5.796    0.0127164     0.202548   1.0935e+30       206000   0.00257569 
      900000           80        5.796    0.0124502     0.205115   1.0935e+30       206000   0.00255372 
      900000           85        5.796    0.0111719     0.208061   1.0935e+30       206000   0.00232444 
      900000           90        5.796   0.00991766     0.210476   1.0935e+30       206000   0.00208743 
      900000           10        6.831     0.021628   -0.0148661   1.0935e+30       206000 -0.000321524 
      900000           15        6.831    0.0194908   -0.0260208   1.0935e+30       206000 -0.000507168 
      900000           20        6.831    0.0233777   -0.0254913   1.0935e+30       206000 -0.000595927 
      900000           25        6.831    0.0215436   -0.0189267   1.0935e+30       206000 -0.000407749 
      900000           30        6.831    0.0233714   0.00274929   1.0935e+30       206000  6.42546e-05 
      900000           35        6.831    0.0210169    0.0335131   1.0935e+30       206000  0.000704341 
      900000           40        6.831    0.0213263     0.065794   1.0935e+30       206000   0.00140315 
      900000           45        6.831    0.0187556    0.0997934   1.0935e+30       206000   0.00187169 
      900000            5        6.831    0.0227663  -0.00415277   1.0935e+30       206000 -9.45433e-05 
      900000           50        6.831     0.017483     0.129351   1.0935e+30       206000   0.00226145 
      900000           55        6.831    0.0156186     0.154071   1.0935e+30       206000   0.00240638 
      900000           60        6.831    0.0134142     0.173298   1.0935e+30       206000   0.00232466 
      900000           65        6.831     0.013488     0.189387   1.0935e+30       206000   0.00255444 
      900000           70        6.831    0.0106651     0.200197   1.0935e+30       206000   0.00213512 
      900000           75        6.831    0.0116342      0.20838   1.0935e+30       206000   0.00242434 
      900000           80        6.831    0.0114574     0.213792   1.0935e+30       206000   0.00244951 
      900000           85        6.831    0.0102421     0.218399   1.0935e+30       206000   0.00223686 
      900000           90        6.831   0.00905382     0.221383   1.0935e+30       206000   0.00200436 
      900000           10        5.175    0.0222795    -0.013623   1.0935e+30       206000 -0.000303514 
      900000           15        5.175    0.0202213   -0.0225652   1.0935e+30       206000 -0.000456297 
      900000           20        5.175    0.0247209   -0.0188591   1.0935e+30       206000 -0.000466215 
      900000           25        5.175    0.0233143  -0.00900155   1.0935e+30       206000 -0.000209864 
      900000           30        5.175     0.025981    0.0193071   1.0935e+30       206000  0.000501618 
      900000           35        5.175    0.0239775    0.0578006   1.0935e+30       206000   0.00138591 
      900000           40        5.175    0.0250448    0.0942082   1.0935e+30       206000   0.00235943 
      900000           45        5.175    0.0227656     0.128319   1.0935e+30       206000   0.00292126 
      900000            5        5.175    0.0234521  -0.00380037   1.0935e+30       206000 -8.91268e-05 
      900000           50        5.175    0.0219207     0.154684   1.0935e+30       206000   0.00339077 
      900000           55        5.175    0.0199063     0.172796   1.0935e+30       206000   0.00343974 
      900000           60        5.175    0.0168767     0.184776   1.0935e+30       206000   0.00311842 
      900000           65        5.175    0.0163344     0.193022   1.0935e+30       206000   0.00315289 
      900000           70        5.175    0.0124446     0.196346   1.0935e+30       206000   0.00244344 
      900000           75        5.175    0.0131922     0.199061   1.0935e+30       206000   0.00262606 
      900000           80        5.175     0.012816     0.199901   1.0935e+30       206000   0.00256193 
      900000           85        5.175    0.0114859     0.201853   1.0935e+30       206000   0.00231846 
      900000           90        5.175    0.0101822     0.203929   1.0935e+30       206000   0.00207645 
      900000           10        10.35    0.0184247   -0.0179657   1.0935e+30       206000 -0.000331013 
      900000           15        10.35    0.0164114   -0.0338529   1.0935e+30       206000 -0.000555572 
      900000           20        10.35    0.0190749   -0.0395782   1.0935e+30       206000 -0.000754952 
      900000           25        10.35    0.0169123   -0.0399397   1.0935e+30       206000 -0.000675474 
      900000           30        10.35    0.0175465   -0.0318356   1.0935e+30       206000 -0.000558603 
      900000           35        10.35    0.0153649   -0.0166952   1.0935e+30       206000 -0.000256521 
      900000           40        10.35    0.0157204   0.00689734   1.0935e+30       206000  0.000108429 
      900000           45        10.35    0.0142167    0.0391464   1.0935e+30       206000  0.000556532 
      900000            5        10.35    0.0193945  -0.00508732   1.0935e+30       206000 -9.86658e-05 
      900000           50        10.35    0.0136225     0.073587   1.0935e+30       206000   0.00100244 
      900000           55        10.35    0.0123173     0.108964   1.0935e+30       206000   0.00134213 
      900000           60        10.35    0.0104083     0.140855   1.0935e+30       206000   0.00146606 
      900000           65        10.35    0.0100447     0.171721   1.0935e+30       206000   0.00172489 
      900000           70        10.35   0.00763197     0.197063   1.0935e+30       206000   0.00150398 
      900000           75        10.35   0.00807512     0.215914   1.0935e+30       206000   0.00174353 
      900000           80        10.35   0.00784227     0.230619   1.0935e+30       206000   0.00180858 
      900000           85        10.35   0.00703638     0.240374   1.0935e+30       206000   0.00169136 
      900000           90        10.35   0.00624571     0.245281   1.0935e+30       206000   0.00153195 
      900000           10        9.729    0.0189896   -0.0170414   1.0935e+30       206000 -0.000323609 
      900000           15        9.729    0.0169118   -0.0320082   1.0935e+30       206000 -0.000541316 
      900000           20        9.729    0.0196482   -0.0369098   1.0935e+30       206000 -0.000725212 
      900000           25        9.729    0.0174114   -0.0361706   1.0935e+30       206000 -0.000629782 
      900000           30        9.729    0.0180533   -0.0258529   1.0935e+30       206000 -0.000466731 
      900000           35        9.729    0.0157931  -0.00835447   1.0935e+30       206000 -0.000131943 
      900000           40        9.729    0.0161261    0.0171797   1.0935e+30       206000  0.000277042 
      900000           45        9.729    0.0145445    0.0509189   1.0935e+30       206000   0.00074059 
      900000            5        9.729     0.019989  -0.00476947   1.0935e+30       206000  -9.5337e-05 
      900000           50        9.729    0.0138998    0.0859275   1.0935e+30       206000   0.00119438 
      900000           55        9.729     0.012578     0.121313   1.0935e+30       206000   0.00152588 
      900000           60        9.729    0.0107022      0.15274   1.0935e+30       206000   0.00163465 
      900000           65        9.729    0.0104609     0.182616   1.0935e+30       206000   0.00191033 
      900000           70        9.729   0.00804686     0.206749   1.0935e+30       206000   0.00166368 
      900000           75        9.729   0.00859465     0.224547   1.0935e+30       206000   0.00192991 
      900000           80        9.729   0.00838237      0.23812   1.0935e+30       206000   0.00199601 
      900000           85        9.729   0.00751146     0.247366   1.0935e+30       206000   0.00185808 
      900000           90        9.729   0.00665799     0.251935   1.0935e+30       206000   0.00167738 
      900000           10        9.315    0.0193968   -0.0167306   1.0935e+30       206000  -0.00032452 
      900000           15        9.315    0.0172965   -0.0311551   1.0935e+30       206000 -0.000538876 
      900000           20        9.315    0.0201645   -0.0352916   1.0935e+30       206000 -0.000711638 
      900000           25        9.315    0.0179454   -0.0337186   1.0935e+30       206000 -0.000605093 
      900000           30        9.315    0.0186986   -0.0218039   1.0935e+30       206000 -0.000407702 
      900000           35        9.315    0.0164166  -0.00237158   1.0935e+30       206000 -3.89333e-05 
      900000           40        9.315    0.0167839    0.0241734   1.0935e+30       206000  0.000405725 
      900000           45        9.315     0.015139    0.0579477   1.0935e+30       206000  0.000877273 
      900000            5        9.315    0.0204177  -0.00468137   1.0935e+30       206000 -9.55826e-05 
      900000           50        9.315     0.014469    0.0921728   1.0935e+30       206000   0.00133365 
      900000           55        9.315    0.0130992     0.126007   1.0935e+30       206000   0.00165058 
      900000           60        9.315    0.0111586     0.155672   1.0935e+30       206000   0.00173708 
      900000           65        9.315    0.0109275     0.183581   1.0935e+30       206000   0.00200609 
      900000           70        9.315   0.00842098     0.205813   1.0935e+30       206000   0.00173315 
      900000           75        9.315   0.00900539     0.222236   1.0935e+30       206000   0.00200132 
      900000           80        9.315     0.008784     0.234641   1.0935e+30       206000   0.00206108 
      900000           85        9.315   0.00786435     0.243225   1.0935e+30       206000   0.00191281 
      900000           90        9.315   0.00696386      0.24757   1.0935e+30       206000   0.00172404 
      900000           10         4.14    0.0224703    -0.015635   1.0935e+30       206000 -0.000351322 
      900000           15         4.14    0.0204563   -0.0300877   1.0935e+30       206000 -0.000615483 
      900000           20         4.14     0.025212   -0.0367161   1.0935e+30       206000 -0.000925686 
      900000           25         4.14    0.0240106   -0.0393163   1.0935e+30       206000 -0.000944005 
      900000           30         4.14    0.0270631   -0.0290822   1.0935e+30       206000 -0.000787054 
      900000           35         4.14    0.0251199   -0.0102755   1.0935e+30       206000 -0.000258119 
      900000           40         4.14    0.0261097   0.00500412   1.0935e+30       206000  0.000130656 
      900000           45         4.14     0.023472    0.0165439   1.0935e+30       206000  0.000388318 
      900000            5         4.14    0.0236529  -0.00434484   1.0935e+30       206000 -0.000102768 
      900000           50         4.14     0.022355    0.0224426   1.0935e+30       206000  0.000501705 
      900000           55         4.14    0.0201285    0.0228508   1.0935e+30       206000  0.000459952 
      900000           60         4.14     0.016996    0.0205288   1.0935e+30       206000  0.000348907 
      900000           65         4.14    0.0164334    0.0155565   1.0935e+30       206000  0.000255646 
      900000           70         4.14    0.0125102   0.00991705   1.0935e+30       206000  0.000124065 
      900000           75         4.14     0.013227   0.00589315   1.0935e+30       206000  7.79485e-05 
      900000           80         4.14    0.0127512   0.00236267   1.0935e+30       206000  3.01268e-05 
      900000           85         4.14    0.0113102    0.0011984   1.0935e+30       206000  1.35541e-05 
      900000           90         4.14   0.00991143   0.00170317   1.0935e+30       206000  1.68808e-05 
